1 1 1 1 1 1 1 1 1 1 1 1 1 1 1 1 1 1 1 1 1 1 1 1 1 1 1 1 1 1 1 1 1 1 1 1 1 1 1 1 1 1 1 1 1 1 1 1 1 1 1 1 1 1 1 1 1 1 1 1 1 1 1 1 1 1 1 1 1 1 1 1 1 1 1 1 1 1 1 1 1 1 1 1 1 1 1 1 1 1 1 1 1 1 1 1 1 1 1 1 1 1 1 1 1 1 1 1 1 1 1 1 1 1 1 1 1 
1 2.00947 1.19972 1.19972 1.19972 1.19972 1.19972 1.19972 1.19972 1.19972 1.19972 1.19972 1.19972 1.19972 1.19972 1.19972 1.19972 1.19972 1.19972 1.19972 1.19972 1.19972 1.19972 1.19972 1.19972 1.19972 1.19972 1.19972 1.19972 1.19972 1.19972 1.19972 1.19972 1.19972 1.19972 1.19972 1.19972 1.19972 1.19972 1.19972 1.19972 1.19972 1.19972 1.19972 1.19972 1.19972 1.19972 1.19972 1.19972 1.19972 1.19972 1.19972 1.19972 1.19972 1.19972 1.19972 1.19972 1.19972 1.19972 1.19972 1.19972 1.19972 1.19972 1.19972 1.19972 1.19972 1.19972 1.19972 1.19972 1.19972 1.19972 1.19972 1.19972 1.19972 1.19972 1.19972 1.19972 1.19972 1.19972 1.19972 1.19972 1.19972 1.19972 1.19972 1.19972 1.19972 1.19972 1.19972 1.19972 1.19972 1.19972 1.19972 1.19972 1.19972 1.19972 1.19972 1.19972 1.19972 1.19972 1.19972 1.19972 1.19972 1.19972 1.19972 1.19972 1.19972 1.19972 1.19972 1.19972 1.19972 1.19972 1.19972 1.19972 1.19972 1.19972 1.19972 2.0236 
1 1.19972 1 1 1 1 1 1 1 1 1 1 1 1 1 1 1 1 1 1 1 1 1 1 1 1 1 1 1 1 1 1 1 1 1 1 1 1 1 1 1 1 1 1 1 1 1 1 1 1 1 1 1 1 1 1 1 1 1 1 1 1 1 1 1 1 1 1 1 1 1 1 1 1 1 1 1 1 1 1 1 1 1 1 1 1 1 1 1 1 1 1 1 1 1 1 1 1 1 1 1 1 1 1 1 1 1 1 1 1 1 1 1 1 1 1 1.20513 
1 1.19972 1 1 1 1 1 1 1 1 1 1 1 1 1 1 1 1 1 1 1 1 1 1 1 1 1 1 1 1 1 1 1 1 1 1 1 1 1 1 1 1 1 1 1 1 1 1 1 1 1 1 1 1 1 1 1 1 1 1 1 1 1 1 1 1 1 1 1 1 1 1 1 1 1 1 1 1 1 1 1 1 1 1 1 1 1 1 1 1 1 1 1 1 1 1 1 1 1 1 1 1 1 1 1 1 1 1 1 1 1 1 1 1 1 1 1.20513 
1 1.19972 1 1 1 1 1 1 1 1 1 1 1 1 1 1 1 1 1 1 1 1 1 1 1 1 1 1 1 1 1 1 1 1 1 1 1 1 1 1 1 1 1 1 1 1 1 1 1 1 1 1 1 1 1 1 1 1 1 1 1 1 1 1 1 1 1 1 1 1 1 1 1 1 1 1 1 1 1 1 1 1 1 1 1 1 1 1 1 1 1 1 1 1 1 1 1 1 1 1 1 1 1 1 1 1 1 1 1 1 1 1 1 1 1 1 1.20513 
1 1.19972 1 1 1 1 1 1 1 1 1 1 1 1 1 1 1 1 1 1 1 1 1 1 1 1 1 1 1 1 1 1 1 1 1 1 1 1 1 1 1 1 1 1 1 1 1 1 1 1 1 1 1 1 1 1 1 1 1 1 1 1 1 1 1 1 1 1 1 1 1 1 1 1 1 1 1 1 1 1 1 1 1 1 1 1 1 1 1 1 1 1 1 1 1 1 1 1 1 1 1 1 1 1 1 1 1 1 1 1 1 1 1 1 1 1 1.20513 
1 1.19972 1 1 1 1 1 1 1 1 1 1 1 1 1 1 1 1 1 1 1 1 1 1 1 1 1 1 1 1 1 1 1 1 1 1 1 1 1 1 1 1 1 1 1 1 1 1 1 1 1 1 1 1 1 1 1 1 1 1 1 1 1 1 1 1 1 1 1 1 1 1 1 1 1 1 1 1 1 1 1 1 1 1 1 1 1 1 1 1 1 1 1 1 1 1 1 1 1 1 1 1 1 1 1 1 1 1 1 1 1 1 1 1 1 1 1.20513 
1 1.19972 1 1 1 1 1 1 1 1 1 1 1 1 1 1 1 1 1 1 1 1 1 1 1 1 1 1 1 1 1 1 1 1 1 1 1 1 1 1 1 1 1 1 1 1 1 1 1 1 1 1 1 1 1 1 1 1 1 1 1 1 1 1 1 1 1 1 1 1 1 1 1 1 1 1 1 1 1 1 1 1 1 1 1 1 1 1 1 1 1 1 1 1 1 1 1 1 1 1 1 1 1 1 1 1 1 1 1 1 1 1 1 1 1 1 1.20513 
1 1.19972 1 1 1 1 1 1 1 1 1 1 1 1 1 1 1 1 1 1 1 1 1 1 1 1 1 1 1 1 1 1 1 1 1 1 1 1 1 1 1 1 1 1 1 1 1 1 1 1 1 1 1 1 1 1 1 1 1 1 1 1 1 1 1 1 1 1 1 1 1 1 1 1 1 1 1 1 1 1 1 1 1 1 1 1 1 1 1 1 1 1 1 1 1 1 1 1 1 1 1 1 1 1 1 1 1 1 1 1 1 1 1 1 1 1 1.20513 
1 1.19972 1 1 1 1 1 1 1 1 1 1 1 1 1 1 1 1 1 1 1 1 1 1 1 1 1 1 1 1 1 1 1 1 1 1 1 1 1 1 1 1 1 1 1 1 1 1 1 1 1 1 1 1 1 1 1 1 1 1 1 1 1 1 1 1 1 1 1 1 1 1 1 1 1 1 1 1 1 1 1 1 1 1 1 1 1 1 1 1 1 1 1 1 1 1 1 1 1 1 1 1 1 1 1 1 1 1 1 1 1 1 1 1 1 1 1.20513 
1 1.19972 1 1 1 1 1 1 1 1 1 1 1 1 1 1 1 1 1 1 1 1 1 1 1 1 1 1 1 1 1 1 1 1 1 1 1 1 1 1 1 1 1 1 1 1 1 1 1 1 1 1 1 1 1 1 1 1 1 1 1 1 1 1 1 1 1 1 1 1 1 1 1 1 1 1 1 1 1 1 1 1 1 1 1 1 1 1 1 1 1 1 1 1 1 1 1 1 1 1 1 1 1 1 1 1 1 1 1 1 1 1 1 1 1 1 1.20513 
1 1.19972 1 1 1 1 1 1 1 1 1 1 1 1 1 1 1 1 1 1 1 1 1 1 1 1 1 1 1 1 1 1 1 1 1 1 1 1 1 1 1 1 1 1 1 1 1 1 1 1 1 1 1 1 1 1 1 1 1 1 1 1 1 1 1 1 1 1 1 1 1 1 1 1 1 1 1 1 1 1 1 1 1 1 1 1 1 1 1 1 1 1 1 1 1 1 1 1 1 1 1 1 1 1 1 1 1 1 1 1 1 1 1 1 1 1 1.20513 
1 1.19972 1 1 1 1 1 1 1 1 1 1 1 1 1 1 1 1 1 1 1 1 1 1 1 1 1 1 1 1 1 1 1 1 1 1 1 1 1 1 1 1 1 1 1 1 1 1 1 1 1 1 1 1 1 1 1 1 1 1 1 1 1 1 1 1 1 1 1 1 1 1 1 1 1 1 1 1 1 1 1 1 1 1 1 1 1 1 1 1 1 1 1 1 1 1 1 1 1 1 1 1 1 1 1 1 1 1 1 1 1 1 1 1 1 1 1.20513 
1 1.19972 1 1 1 1 1 1 1 1 1 1 1 1 1 1 1 1 1 1 1 1 1 1 1 1 1 1 1 1 1 1 1 1 1 1 1 1 1 1 1 1 1 1 1 1 1 1 1 1 1 1 1 1 1 1 1 1 1 1 1 1 1 1 1 1 1 1 1 1 1 1 1 1 1 1 1 1 1 1 1 1 1 1 1 1 1 1 1 1 1 1 1 1 1 1 1 1 1 1 1 1 1 1 1 1 1 1 1 1 1 1 1 1 1 1 1.20513 
1 1.19972 1 1 1 1 1 1 1 1 1 1 1 1 1 1 1 1 1 1 1 1 1 1 1 1 1 1 1 1 1 1 1 1 1 1 1 1 1 1 1 1 1 1 1 1 1 1 1 1 1 1 1 1 1 1 1 1 1 1 1 1 1 1 1 1 1 1 1 1 1 1 1 1 1 1 1 1 1 1 1 1 1 1 1 1 1 1 1 1 1 1 1 1 1 1 1 1 1 1 1 1 1 1 1 1 1 1 1 1 1 1 1 1 1 1 1.20513 
1 1.19972 1 1 1 1 1 1 1 1 1 1 1 1 1 1 1 1 1 1 1 1 1 1 1 1 1 1 1 1 1 1 1 1 1 1 1 1 1 1 1 1 1 1 1 1 1 1 1 1 1.00001 1 1.00001 1.00002 1.00003 1.00003 1.00003 1.00003 1.00003 1.00003 1.00003 1.00002 1 1 1 1 1 1 1 1 1 1 1 1 1 1 1 1 1 1 1 1 1 1 1 1 1 1 1 1 1 1 1 1 1 1 1 1 1 1 1 1 1 1 1 1 1 1 1 1 1 1 1 1 1 1 1.20513 
1 1.19972 1 1 1 1 1 1 1 1 1 1 1 1 1 1 1 1 1 1 1 1 1 1 1 1 1 1 1 1 1 1 1 1 1 1 1 1 1 1 1 1 1 1 1.00001 1 1 1.00001 1.00001 1.00002 1.00007 1.00004 1.00014 1.00031 1.00034 1.0004 1.00044 1.00043 1.00042 1.00044 1.00041 1.0002 1.00003 1.00007 1.00004 1.00002 1 1 1 1 1 1 1 1 1 1 1 1 1 1 1 1 1 1 1 1 1 1 1 1 1 1 1 1 1 1 1 1 1 1 1 1 1 1 1 1 1 1 1 1 1 1 1 1 1 1 1.20513 
1 1.19972 1 1 1 1 1 1 1 1 1 1 1 1 1 1 1 1 1 1 1 1 1 1 1 1 1 1 1 1 1 1 1 1 1 1.00001 1.00001 1.00002 1.00001 1.00003 1.00006 1.00006 1.00006 1.00006 1.00008 1.00004 1.00007 1.00008 1.00008 1.0003 1.00087 1.00052 1.00249 1.00638 1.00732 1.00898 1.00996 1.0098 1.00955 1.00999 1.0091 1.00386 1.00034 1.00086 1.0005 1.00021 1.00001 1.00002 1 1 1 1 1 1 1 1 1 1 1 1 1 1 1 1 1 1 1 1 1 1 1 1 1 1 1 1 1 1 1 1 1 1 1 1 1 1 1 1 1 1 1 1 1 1 1 1 1.20513 
1 1.19972 1 1 1 1 1 1 1 1 1 1 1 1 1 1 1 1 1 1 1 1 1 1 1 1 1 1 1 1 1 1 1.00001 1 1.00003 1.00008 1.00011 1.00022 1.00012 1.00046 1.00098 1.00102 1.00104 1.00091 1.0013 1.00067 1.0008 1.0009 1.00134 1.00607 1.01367 1.00499 1.01628 1.03343 1.0365 1.04163 1.0444 1.04396 1.04334 1.0444 1.04204 1.02252 1.00748 1.02649 1.0119 1.00403 1.00015 1.0002 1 1 1 1 1 1 1 1 1 1 1 1 1 1 1 1 1 1 1 1 1 1 1 1 1 1 1 1 1 1 1 1 1 1 1 1 1 1 1 1 1 1 1 1 1 1 1 1 1.20513 
1 1.19972 1 1 1 1 1 1 1 1 1 1 1 1 1 1 1 1 1 1 1 1 1 1 1 1 1 1 1 1 1.00001 1.00001 1.00007 1.00006 1.00045 1.00132 1.00194 1.00417 1.00208 1.00435 1.00847 1.0087 1.00882 1.00795 1.01054 1.00593 1.00295 1.00345 1.01008 1.03225 1.06724 1.04355 1.00549 1.01147 1.01233 1.01378 1.0145 1.01437 1.01427 1.01443 1.01391 1.01089 1.02731 1.07715 1.04951 1.0232 1.00269 1.00397 1.00003 1.00002 1.00002 1.00003 1.00003 1 1 1 1 1 1 1 1 1 1 1 1 1 1 1 1 1 1 1 1 1 1 1 1 1 1 1 1 1 1 1 1 1 1 1 1 1 1 1 1 1 1 1 1.20513 
1 1.19972 1 1 1 1 1 1 1 1 1 1 1 1 1 1 1 1 1 1 1 1 1 1 1 1 1 1 1 1 1.00008 1.00007 1.00116 1.00095 1.00435 1.01067 1.01438 1.02485 1.01343 1.00231 1.00351 1.00357 1.0036 1.00333 1.00442 1.00106 1.05171 1.05753 1.00168 1.01185 1.02586 1.00346 1.1748 1.17975 1.18522 1.19193 1.19526 1.19497 1.19179 1.19748 1.19103 1.21261 1.0122 1.02341 1.01609 1.01281 1.01318 1.02258 1.00046 1.00034 1.00027 1.00049 1.00053 1.00002 1.00002 1 1 1 1 1 1 1 1 1 1 1 1 1 1 1 1 1 1 1 1 1 1 1 1 1 1 1 1 1 1 1 1 1 1 1 1 1 1 1 1 1 1.20513 
1 1.19972 1 1 1 1 1 1 1 1 1 1 1 1 1 1 1 1 1 1 1 1 1 1 1 1 1 1 1.00006 1.00006 1.00129 1.00118 1.00916 1.0072 1.00332 1.00441 1.00555 1.00975 1.01203 1.22456 1.22851 1.22505 1.22341 1.23225 1.21291 1.19723 1.0003 1.00563 1.13424 1.17782 1.2368 1.14023 1.04132 1.11576 1.11887 1.12273 1.12461 1.12441 1.12255 1.12589 1.12245 1.11253 1.08794 1.22783 1.20053 1.22398 1.02228 1.01811 1.00123 1.00332 1.00548 1.00451 1.00493 1.00025 1.00029 1.00001 1 1 1 1 1 1 1 1 1 1 1 1 1 1 1 1 1 1 1 1 1 1 1 1 1 1 1 1 1 1 1 1 1 1 1 1 1 1 1 1 1.20513 
1 1.19972 1 1 1 1 1 1 1 1 1 1 1 1 1 1 1 1 1 1 1 1 1 1 1 1 1 1.00001 1.00103 1.00092 1.00969 1.009 1.00607 1.0162 1.2429 1.2232 1.24942 1.27673 1.18918 1.12425 1.06765 1.07009 1.07052 1.07259 1.05536 1.08208 1.17596 1.24384 1.04135 1.00156 1.05814 1.03797 1.45461 1.44987 1.45881 1.45983 1.46056 1.46177 1.4529 1.45558 1.43901 1.52879 1.0644 1.14651 1.12849 1.14275 1.05887 1.25438 1.02169 1.00128 1.0281 1.00005 1.00538 1.00263 1.0029 1.0001 1.00006 1 1 1 1 1 1 1 1 1 1 1 1 1 1 1 1 1 1 1 1 1 1 1 1 1 1 1 1 1 1 1 1 1 1 1 1 1 1 1 1.20513 
1 1.19972 1 1 1 1 1 1 1 1 1 1 1 1 1 1 1 1 1 1 1 1 1 1 1 1.00001 1.00006 1.00017 1.00773 1.00709 1.00596 1.02739 1.2464 1.17727 1.1216 1.06812 1.071 1.07206 1.06237 1.03409 1.02986 1.03117 1.02983 1.02915 1.04092 1.04652 1.02168 1.05012 1.26845 1.32474 1.4212 1.22664 1.12915 1.07416 1.07909 1.07852 1.07843 1.07911 1.07708 1.07007 1.06345 1.1235 1.20951 1.47536 1.43338 1.54701 1.10556 1.20048 1.02053 1.05484 1.00396 1.08554 1.1421 1.00279 1.00388 1.00117 1.0007 1.00004 1.00006 1.00001 1.00002 1 1 1 1 1 1 1 1 1 1 1 1 1 1 1 1 1 1 1 1 1 1 1 1 1 1 1 1 1 1 1 1 1 1 1 1.20513 
1 1.19972 1 1 1 1 1 1 1 1 1 1 1 1 1 1 1 1 1 1 1 1 1 1 1.00003 1.00016 1.00042 1.00171 1.00425 1.03229 1.24691 1.17968 1.12598 1.06118 1.03473 1.02974 1.02967 1.02936 1.03008 1.03109 1.03112 1.0298 1.03143 1.03325 1.01728 1.02333 1.12848 1.13909 1.11181 1.06804 1.06975 1.06044 1.03322 1.02841 1.02735 1.02664 1.02676 1.02628 1.02816 1.03828 1.04235 1.04985 1.08576 1.07361 1.0598 1.12262 1.21788 1.56961 1.25018 1.03174 1.19679 1.00596 1.07613 1.05225 1.10823 1.00128 1.00106 1.00061 1.00103 1.0001 1.00022 1.00005 1.00001 1.00001 1 1 1 1 1 1 1 1 1 1 1 1 1 1 1 1 1 1 1 1 1 1 1 1 1 1 1 1 1 1 1 1 1.20513 
1 1.19972 1 1 1 1 1 1 1 1 1 1 1 1 1 1 1 1 1 1 1 1 1.00001 1.00009 1.00086 1.00399 1.00337 1.04145 1.22066 1.17724 1.12516 1.06158 1.03435 1.02964 1.03121 1.0308 1.03029 1.0292 1.02741 1.02656 1.02631 1.02805 1.02521 1.02503 1.07205 1.08585 1.06803 1.0467 1.02882 1.02912 1.03726 1.03677 1.03603 1.03642 1.03917 1.03969 1.0395 1.04044 1.03883 1.03388 1.03274 1.03334 1.03761 1.0454 1.04907 1.05745 1.09978 1.19016 1.28282 1.25689 1.07718 1.19166 1.45494 1.02623 1.04714 1.06197 1.04821 1.00538 1.00847 1.00185 1.00423 1.00089 1.00011 1.00014 1.00001 1.00001 1 1 1 1 1 1 1 1 1 1 1 1 1 1 1 1 1 1 1 1 1 1 1 1 1 1 1 1 1 1 1.20513 
1 1.19972 1 1 1 1 1 1 1 1 1 1 1 1 1 1 1 1 1 1 1 1.00001 1.00008 1.00072 1.00304 1.00363 1.02432 1.21481 1.12228 1.06154 1.03437 1.02959 1.03091 1.02965 1.02744 1.02647 1.02554 1.02579 1.02734 1.02766 1.0273 1.02443 1.02885 1.04459 1.04343 1.04147 1.04063 1.03981 1.04054 1.03842 1.03501 1.03345 1.03349 1.03278 1.03181 1.03111 1.03156 1.03194 1.03245 1.03129 1.03233 1.0332 1.03498 1.04021 1.04406 1.04847 1.05052 1.07216 1.13106 1.23357 1.30564 1.01624 1.21768 1.1084 1.38242 1.0284 1.02885 1.00018 1.0048 1.01176 1.02506 1.00755 1.00195 1.00253 1.00013 1.00014 1.00001 1.00001 1 1 1 1 1 1 1 1 1 1 1 1 1 1 1 1 1 1 1 1 1 1 1 1 1 1 1 1 1.20513 
1 1.19972 1 1 1 1 1 1 1 1 1 1 1 1 1 1 1 1 1 1 1.00001 1.00008 1.00079 1.00341 1.00422 1.02979 1.22054 1.11397 1.03339 1.03018 1.03108 1.02957 1.02693 1.02673 1.02773 1.02716 1.02687 1.02486 1.02124 1.01969 1.02032 1.02575 1.02729 1.03 1.03082 1.03372 1.03372 1.0309 1.03172 1.03229 1.02913 1.028 1.02748 1.02727 1.026 1.02561 1.02584 1.02598 1.02665 1.02822 1.02883 1.0293 1.03041 1.03117 1.03141 1.03123 1.03225 1.03569 1.04897 1.06289 1.13439 1.24245 1.55818 1.12169 1.05857 1.13838 1.31164 1.09787 1.16108 1.00522 1.00988 1.00474 1.01226 1.0164 1.00231 1.00259 1.00009 1.00009 1 1 1 1 1 1 1 1 1 1 1 1 1 1 1 1 1 1 1 1 1 1 1 1 1 1 1 1 1.20513 
1 1.19972 1 1 1 1 1 1 1 1 1 1 1 1 1 1 1 1 1 1 1.00008 1.00072 1.00341 1.00448 1.03173 1.2184 1.11543 1.03323 1.03102 1.03006 1.02718 1.02676 1.02791 1.02542 1.02131 1.02022 1.01864 1.02109 1.02988 1.03215 1.03346 1.03573 1.04116 1.03788 1.03599 1.03311 1.0289 1.02829 1.02792 1.02614 1.02558 1.02497 1.02432 1.02398 1.02392 1.02394 1.0238 1.02385 1.02406 1.02426 1.02438 1.02476 1.0256 1.02761 1.02877 1.02975 1.03063 1.0306 1.03224 1.03659 1.04126 1.06131 1.13052 1.22273 1.47179 1.17254 1.01598 1.03111 1.0526 1.08399 1.16909 1.16218 1.00452 1.00936 1.01403 1.01662 1.00149 1.00155 1.00001 1 1 1 1 1 1 1 1 1 1 1 1 1 1 1 1 1 1 1 1 1 1 1 1 1 1 1 1.20513 
1 1.19972 1 1 1 1 1 1 1 1 1 1 1 1 1 1 1 1 1 1.00003 1.00082 1.00295 1.00423 1.0304 1.21933 1.11557 1.03256 1.03067 1.02902 1.02756 1.02832 1.02566 1.0202 1.02291 1.03107 1.03184 1.03154 1.03142 1.02838 1.02715 1.02974 1.02887 1.02895 1.02839 1.02574 1.025 1.02563 1.02549 1.02525 1.02505 1.02458 1.02381 1.02296 1.02248 1.02208 1.02162 1.02143 1.02153 1.02184 1.02224 1.02275 1.02339 1.02386 1.02417 1.02529 1.02675 1.02826 1.02918 1.02936 1.03156 1.03456 1.03529 1.04253 1.08239 1.16199 1.27149 1.3708 1.11414 1.37264 1.02814 1.11349 1.06414 1.0889 1.20474 1.00609 1.01035 1.01013 1.01141 1.00021 1.00007 1.00002 1 1 1 1 1 1 1 1 1 1 1 1 1 1 1 1 1 1 1 1 1 1 1 1 1 1.20513 
1 1.19972 1 1 1 1 1 1 1 1 1 1 1 1 1 1 1 1 1.00001 1.00016 1.00384 1.00352 1.02941 1.2188 1.11553 1.03313 1.0311 1.0284 1.02766 1.02621 1.02006 1.02408 1.03201 1.03404 1.03014 1.02603 1.02602 1.02486 1.02175 1.0221 1.02186 1.02158 1.02037 1.02018 1.02134 1.02335 1.02388 1.02364 1.02355 1.02299 1.02215 1.02116 1.02045 1.01999 1.01951 1.01935 1.01939 1.01944 1.01959 1.01985 1.02016 1.02067 1.02139 1.02209 1.023 1.02373 1.02442 1.02598 1.02696 1.02768 1.02956 1.0311 1.03196 1.03556 1.04898 1.1096 1.26485 1.13585 1.18765 1.1392 1.31705 1.41096 1.01756 1.08393 1.09035 1.2135 1.00604 1.008 1.00219 1.00083 1.00027 1.00004 1.00001 1 1 1 1 1 1 1 1 1 1 1 1 1 1 1 1 1 1 1 1 1 1 1 1.20513 
1 1.19972 1 1 1 1 1 1 1 1 1 1 1 1 1 1 1 1 1.00005 1.00039 1.00327 1.02364 1.22112 1.11375 1.03332 1.0305 1.02659 1.02883 1.02348 1.02601 1.03365 1.03678 1.03206 1.02626 1.02187 1.02031 1.01977 1.01973 1.02059 1.02008 1.01893 1.01904 1.02013 1.02075 1.02149 1.02168 1.02159 1.02158 1.02098 1.02004 1.01938 1.01864 1.0181 1.01765 1.01737 1.01725 1.01714 1.01716 1.01729 1.01757 1.01796 1.01842 1.01901 1.01978 1.02048 1.02138 1.02233 1.02339 1.02526 1.02685 1.02837 1.02988 1.03195 1.03626 1.0453 1.05769 1.11172 1.16799 1.28206 1.15451 1.04178 1.1479 1.13581 1.46908 1.02173 1.09343 1.08158 1.18993 1.00901 1.00238 1.00274 1.00067 1.00007 1.00001 1 1 1 1 1 1 1 1 1 1 1 1 1 1 1 1 1 1 1 1 1 1 1.20513 
1 1.19972 1 1 1 1 1 1 1 1 1 1 1 1 1 1 1 1.00001 1.00016 1.00173 1.03953 1.21559 1.11307 1.03401 1.02993 1.02858 1.03072 1.02364 1.02463 1.04075 1.03473 1.02766 1.02254 1.02058 1.02015 1.01934 1.01887 1.01915 1.01852 1.01787 1.01827 1.01857 1.01868 1.01924 1.01988 1.01959 1.01944 1.01913 1.01858 1.01798 1.01734 1.01676 1.01626 1.01584 1.01555 1.01534 1.01524 1.01529 1.01544 1.01571 1.01613 1.01661 1.01717 1.01781 1.01858 1.01945 1.02059 1.0215 1.02255 1.0238 1.02504 1.0267 1.02813 1.02992 1.03231 1.03525 1.0416 1.05262 1.10327 1.20048 1.33809 1.52787 1.06002 1.12589 1.13792 1.47359 1.02691 1.07828 1.05703 1.04578 1.00331 1.00573 1.00127 1.00011 1.00001 1 1 1 1 1 1 1 1 1 1 1 1 1 1 1 1 1 1 1 1 1 1.20513 
1 1.19972 1 1 1 1 1 1 1 1 1 1 1 1 1 1 1.00006 1.00098 1.00746 1.00398 1.21657 1.12181 1.03423 1.02906 1.03046 1.02719 1.02006 1.02515 1.04499 1.03644 1.02335 1.02153 1.02076 1.01988 1.01889 1.01823 1.01815 1.01766 1.01716 1.01708 1.0171 1.01712 1.01718 1.01751 1.01753 1.01761 1.01749 1.01723 1.01679 1.01619 1.01559 1.01503 1.01452 1.01411 1.0138 1.01362 1.01355 1.01357 1.01371 1.01396 1.0143 1.01475 1.01533 1.01599 1.0167 1.01748 1.01831 1.01921 1.02008 1.02127 1.02233 1.02359 1.02437 1.02491 1.02597 1.02711 1.02854 1.02926 1.03402 1.06676 1.08603 1.1576 1.23194 1.5209 1.10013 1.09435 1.12808 1.43997 1.09702 1.02793 1.08231 1.00432 1.00966 1.0021 1.00018 1.00001 1 1 1 1 1 1 1 1 1 1 1 1 1 1 1 1 1 1 1 1 1.20513 
1 1.19972 1 1 1 1 1 1 1 1 1 1 1 1 1 1 1.00005 1.00087 1.00648 1.03415 1.17331 1.06344 1.02798 1.03521 1.02242 1.03244 1.04013 1.04949 1.03938 1.02371 1.02197 1.0209 1.01973 1.0187 1.01789 1.01746 1.01688 1.01632 1.01603 1.01591 1.01582 1.01591 1.01605 1.016 1.0159 1.01592 1.01584 1.01557 1.01511 1.01454 1.01396 1.01341 1.01291 1.01251 1.01221 1.01201 1.01191 1.01192 1.01206 1.01229 1.01263 1.01306 1.01357 1.01415 1.01479 1.01553 1.01632 1.01714 1.01804 1.0191 1.0202 1.0214 1.02278 1.02363 1.02428 1.02514 1.0264 1.02805 1.02904 1.03116 1.03464 1.04281 1.07125 1.13924 1.21608 1.50601 1.11795 1.06651 1.14888 1.12618 1.01767 1.09767 1.00477 1.01203 1.00323 1.00012 1.00001 1 1 1 1 1 1 1 1 1 1 1 1 1 1 1 1 1 1 1 1.20513 
1 1.19972 1 1 1 1 1 1 1 1 1 1 1 1 1.00001 1.00007 1.00126 1.00951 1.00608 1.24733 1.12497 1.0344 1.03149 1.02352 1.02848 1.05862 1.04474 1.03296 1.0248 1.02225 1.02112 1.01983 1.01871 1.0177 1.01696 1.01631 1.0158 1.01535 1.01492 1.01473 1.01464 1.01457 1.0145 1.01447 1.0145 1.01448 1.01434 1.01403 1.01357 1.01303 1.01246 1.0119 1.01142 1.01102 1.01071 1.01051 1.01041 1.01042 1.01053 1.01074 1.01105 1.01145 1.01193 1.01248 1.0131 1.01379 1.01455 1.01535 1.0162 1.01708 1.01802 1.01904 1.02032 1.02162 1.02263 1.02359 1.02431 1.02531 1.02665 1.02773 1.0294 1.03116 1.03392 1.0396 1.06372 1.13648 1.22567 1.48576 1.28038 1.05934 1.23865 1.01824 1.14574 1.0064 1.0223 1.00333 1.00018 1.00001 1 1 1 1 1 1 1 1 1 1 1 1 1 1 1 1 1 1 1.20513 
1 1.19972 1 1 1 1 1 1 1 1 1 1 1 1 1 1.00006 1.00108 1.00844 1.02716 1.17907 1.06249 1.02783 1.03077 1.03405 1.06624 1.04855 1.02669 1.02399 1.02294 1.02152 1.02014 1.01888 1.01771 1.01682 1.01607 1.01543 1.01479 1.01416 1.0138 1.01355 1.01334 1.01319 1.01315 1.01314 1.01311 1.01304 1.01286 1.01255 1.0121 1.01158 1.01101 1.01047 1.01 1.00962 1.00933 1.00913 1.00903 1.00902 1.00911 1.00929 1.00957 1.00994 1.01039 1.01091 1.01151 1.01215 1.01286 1.01362 1.01444 1.01529 1.01616 1.01708 1.01803 1.01917 1.02031 1.02137 1.02244 1.02336 1.02429 1.02542 1.02655 1.02785 1.02917 1.03248 1.03241 1.03512 1.0648 1.14112 1.28612 1.10242 1.03094 1.15987 1.01484 1.11697 1.00649 1.01214 1.00207 1.00011 1.00001 1 1 1 1 1 1 1 1 1 1 1 1 1 1 1 1 1 1.20513 
1 1.19972 1 1 1 1 1 1 1 1 1 1 1 1 1.00005 1.00089 1.00746 1.00528 1.24062 1.13878 1.02753 1.04415 1.01228 1.0709 1.05599 1.02765 1.02531 1.02383 1.02212 1.02064 1.0192 1.01794 1.0169 1.01599 1.01517 1.01435 1.01354 1.01301 1.01262 1.01232 1.0121 1.01198 1.0119 1.01184 1.01178 1.01167 1.01147 1.01115 1.01071 1.01019 1.00964 1.00914 1.00869 1.00833 1.00805 1.00786 1.00775 1.00772 1.00779 1.00795 1.0082 1.00854 1.00896 1.00944 1.01 1.01061 1.01128 1.01199 1.01274 1.01355 1.01439 1.01524 1.01613 1.01705 1.01806 1.01905 1.02006 1.02106 1.02204 1.02292 1.024 1.02531 1.0266 1.02769 1.03053 1.03163 1.03036 1.03524 1.12744 1.28453 1.11786 1.03522 1.17216 1.01493 1.14343 1.00484 1.00943 1.00124 1.00007 1.00001 1 1 1 1 1 1 1 1 1 1 1 1 1 1 1 1 1.20513 
1 1.19972 1 1 1 1 1 1 1 1 1 1 1 1 1.00005 1.0008 1.00668 1.01295 1.19216 1.06022 1.03077 1.02431 1.02912 1.08885 1.04182 1.02562 1.02473 1.02285 1.02124 1.01965 1.01831 1.01721 1.01606 1.01505 1.01406 1.01315 1.01244 1.01191 1.01149 1.01115 1.01093 1.01078 1.01068 1.01059 1.0105 1.01036 1.01014 1.00982 1.00939 1.00889 1.00838 1.0079 1.00749 1.00714 1.00688 1.00669 1.00657 1.00654 1.00658 1.00671 1.00693 1.00724 1.00762 1.00807 1.00858 1.00915 1.00978 1.01045 1.01116 1.01191 1.01269 1.01349 1.01432 1.01517 1.01605 1.01699 1.01787 1.01875 1.01975 1.0207 1.02156 1.02265 1.02407 1.0254 1.02683 1.029 1.02994 1.03054 1.03506 1.12621 1.2846 1.11825 1.03536 1.15972 1.01828 1.0975 1.00427 1.00554 1.00064 1.00004 1 1 1 1 1 1 1 1 1 1 1 1 1 1 1 1 1.20513 
1 1.19972 1 1 1 1 1 1 1 1 1 1 1 1.00003 1.00046 1.00439 1.00417 1.23096 1.12475 1.03374 1.03499 1.03747 1.10187 1.06336 1.02902 1.02554 1.02382 1.02196 1.0204 1.01897 1.01762 1.01629 1.01507 1.014 1.01299 1.01213 1.01142 1.01085 1.01037 1.01001 1.00976 1.00958 1.00945 1.00935 1.00923 1.00908 1.00887 1.00855 1.00815 1.00768 1.00721 1.00676 1.00638 1.00606 1.00581 1.00563 1.00551 1.00546 1.00548 1.00559 1.00577 1.00604 1.00638 1.00679 1.00726 1.00779 1.00837 1.00899 1.00966 1.01035 1.01108 1.01183 1.01259 1.01337 1.01417 1.01499 1.01584 1.01667 1.01751 1.01846 1.01943 1.02035 1.02143 1.02282 1.02435 1.02632 1.02812 1.02886 1.03026 1.03471 1.12628 1.28457 1.11797 1.03132 1.23423 1.01798 1.08047 1.00324 1.00262 1.00025 1.00002 1 1 1 1 1 1 1 1 1 1 1 1 1 1 1 1.20513 
1 1.19972 1 1 1 1 1 1 1 1 1 1 1.00001 1.00014 1.00251 1.01727 1.00738 1.24105 1.04284 1.05448 1.00901 1.11745 1.07455 1.02946 1.02648 1.02487 1.02287 1.02115 1.0198 1.01814 1.01663 1.01538 1.01415 1.01299 1.01197 1.0111 1.01038 1.00976 1.00925 1.00887 1.00859 1.00839 1.00825 1.00813 1.00801 1.00786 1.00765 1.00736 1.00699 1.00656 1.00613 1.00572 1.00537 1.00508 1.00485 1.00468 1.00456 1.00449 1.0045 1.00457 1.00472 1.00495 1.00525 1.00562 1.00605 1.00653 1.00706 1.00763 1.00824 1.00888 1.00955 1.01024 1.01094 1.01166 1.01238 1.01312 1.01387 1.01464 1.01544 1.01626 1.01722 1.01824 1.01928 1.02046 1.02184 1.02351 1.02574 1.02742 1.02846 1.03007 1.03468 1.12639 1.28423 1.10249 1.05781 1.12909 1.02766 1.04473 1.00228 1.00079 1.00006 1 1 1 1 1 1 1 1 1 1 1 1 1 1 1 1.20513 
1 1.19972 1 1 1 1 1 1 1 1 1 1 1.00002 1.00021 1.00413 1.02469 1.00872 1.27686 1.05922 1.04347 1.03865 1.14037 1.04907 1.02706 1.02621 1.0239 1.02212 1.02065 1.01893 1.01713 1.01577 1.01446 1.01313 1.012 1.01098 1.0101 1.00934 1.00869 1.00817 1.00777 1.00748 1.00726 1.0071 1.00698 1.00685 1.00671 1.00651 1.00625 1.00591 1.00553 1.00515 1.00479 1.00447 1.00421 1.004 1.00384 1.00372 1.00365 1.00363 1.00367 1.00379 1.00398 1.00424 1.00456 1.00494 1.00538 1.00586 1.00638 1.00693 1.00751 1.00811 1.00873 1.00937 1.01003 1.01069 1.01135 1.01202 1.01272 1.01346 1.01425 1.01512 1.01612 1.01721 1.0184 1.01972 1.02115 1.02284 1.02514 1.02684 1.0281 1.03009 1.03481 1.1269 1.28562 1.27563 1.1421 1.09495 1.05518 1.00887 1.00214 1.0002 1.00001 1 1 1 1 1 1 1 1 1 1 1 1 1 1 1.20513 
1 1.19972 1 1 1 1 1 1 1 1 1 1 1.00001 1.00015 1.00166 1.00137 1.06399 1.08404 1.13964 1.01233 1.14888 1.08772 1.03132 1.02732 1.02514 1.02315 1.02167 1.01981 1.01799 1.01634 1.01488 1.01346 1.01218 1.01104 1.01002 1.00913 1.00835 1.0077 1.00717 1.00674 1.00643 1.00619 1.00603 1.0059 1.00577 1.00564 1.00546 1.00523 1.00494 1.00461 1.00427 1.00396 1.00368 1.00345 1.00327 1.00312 1.003 1.00292 1.00288 1.0029 1.00298 1.00313 1.00334 1.00362 1.00396 1.00434 1.00477 1.00523 1.00573 1.00625 1.00679 1.00734 1.00791 1.00849 1.00908 1.00968 1.01029 1.01093 1.01161 1.01236 1.01319 1.01413 1.0152 1.01641 1.01773 1.01916 1.02072 1.02261 1.02491 1.02661 1.02834 1.03036 1.03511 1.13967 1.4912 1.07328 1.43605 1.0748 1.18102 1.00727 1.01006 1.00131 1.00008 1.00001 1 1 1 1 1 1 1 1 1 1 1 1 1.20513 
1 1.19972 1 1 1 1 1 1 1 1 1 1 1.00006 1.00095 1.00813 1.00367 1.22658 1.09656 1.06506 1.042 1.13522 1.05306 1.02746 1.02669 1.0243 1.02309 1.02103 1.01895 1.01714 1.01543 1.01397 1.01256 1.01128 1.01014 1.00912 1.00822 1.00744 1.00678 1.00623 1.0058 1.00547 1.00522 1.00505 1.00491 1.00479 1.00467 1.00452 1.00432 1.00407 1.00379 1.00351 1.00324 1.00301 1.00281 1.00265 1.00251 1.0024 1.00231 1.00226 1.00225 1.0023 1.00241 1.00258 1.00281 1.0031 1.00343 1.0038 1.00421 1.00465 1.00511 1.00558 1.00608 1.00658 1.00709 1.00761 1.00814 1.00869 1.00928 1.00991 1.01062 1.01141 1.0123 1.01333 1.0145 1.01582 1.01724 1.01882 1.02057 1.02259 1.02479 1.02671 1.02873 1.03007 1.06587 1.22368 1.11247 1.12345 1.02641 1.07734 1.00543 1.00846 1.00119 1.00007 1.00001 1 1 1 1 1 1 1 1 1 1 1 1 1.20513 
1 1.19972 1 1 1 1 1 1 1 1 1 1 1.00004 1.00054 1.00063 1.03041 1.08394 1.12044 1.01174 1.19645 1.10099 1.03239 1.0282 1.02579 1.02447 1.02279 1.02007 1.018 1.0162 1.01464 1.01312 1.01169 1.01043 1.0093 1.00829 1.00738 1.0066 1.00594 1.00539 1.00496 1.00462 1.00436 1.00418 1.00404 1.00393 1.00382 1.00369 1.00352 1.00332 1.00309 1.00286 1.00264 1.00244 1.00228 1.00213 1.00201 1.0019 1.00181 1.00175 1.00172 1.00174 1.00181 1.00194 1.00213 1.00237 1.00265 1.00297 1.00332 1.0037 1.0041 1.00452 1.00494 1.00538 1.00583 1.00629 1.00676 1.00725 1.00779 1.00837 1.00903 1.00978 1.01064 1.01163 1.01277 1.01406 1.01548 1.01704 1.01875 1.02064 1.02274 1.02499 1.02719 1.02904 1.0351 1.13957 1.49328 1.08627 1.45837 1.08633 1.19692 1.00849 1.01273 1.00179 1.0001 1.00001 1 1 1 1 1 1 1 1 1 1 1 1.20513 
1 1.19972 1 1 1 1 1 1 1 1 1 1 1.00006 1.00086 1.00452 1.02071 1.09336 1.08685 1.037 1.15585 1.05611 1.02877 1.02692 1.02605 1.02476 1.02157 1.01901 1.01716 1.01549 1.01387 1.01231 1.01091 1.00966 1.00853 1.00752 1.00663 1.00586 1.0052 1.00466 1.00422 1.00388 1.00362 1.00344 1.0033 1.00319 1.0031 1.00299 1.00286 1.00269 1.00251 1.00232 1.00214 1.00198 1.00184 1.00172 1.00161 1.00151 1.00142 1.00135 1.00131 1.00131 1.00135 1.00144 1.00158 1.00178 1.00201 1.00228 1.00257 1.0029 1.00324 1.00359 1.00396 1.00434 1.00472 1.00512 1.00554 1.00599 1.00647 1.00702 1.00763 1.00834 1.00916 1.0101 1.0112 1.01245 1.01384 1.0154 1.0171 1.01893 1.02101 1.02313 1.02545 1.02799 1.02862 1.0633 1.21873 1.09604 1.13432 1.0212 1.08645 1.00432 1.0105 1.00156 1.00009 1.00001 1 1 1 1 1 1 1 1 1 1 1 1.20513 
1 1.19972 1 1 1 1 1 1 1 1 1.00001 1.00011 1.0013 1.00745 1.07843 1.03904 1.35863 1.02032 1.25451 1.11118 1.03399 1.02896 1.02691 1.02747 1.02391 1.02032 1.01836 1.01655 1.01481 1.01313 1.0116 1.01021 1.00896 1.00784 1.00684 1.00596 1.0052 1.00456 1.00402 1.00359 1.00326 1.00301 1.00282 1.00269 1.00259 1.00251 1.00242 1.00231 1.00219 1.00204 1.00189 1.00175 1.00161 1.0015 1.00139 1.0013 1.00121 1.00112 1.00105 1.001 1.00098 1.001 1.00106 1.00117 1.00131 1.0015 1.00172 1.00196 1.00223 1.00252 1.00282 1.00313 1.00345 1.00379 1.00413 1.00451 1.00491 1.00535 1.00586 1.00643 1.0071 1.00787 1.00877 1.00981 1.01101 1.01236 1.01387 1.01555 1.01734 1.0194 1.02156 1.02372 1.02644 1.02844 1.0337 1.13658 1.48963 1.09318 1.44904 1.07829 1.19197 1.00767 1.0123 1.00171 1.0001 1.00001 1 1 1 1 1 1 1 1 1 1 1.20513 
1 1.19972 1 1 1 1 1 1 1 1 1.00002 1.00027 1.00281 1.00178 1.10754 1.03612 1.28092 1.00412 1.25099 1.06552 1.02997 1.02831 1.0303 1.02685 1.02195 1.01975 1.01787 1.01594 1.01417 1.01251 1.01098 1.0096 1.00835 1.00723 1.00624 1.00538 1.00463 1.00401 1.00349 1.00308 1.00276 1.00251 1.00234 1.00221 1.00212 1.00204 1.00197 1.00189 1.00179 1.00168 1.00155 1.00143 1.00132 1.00122 1.00113 1.00105 1.00097 1.0009 1.00083 1.00078 1.00075 1.00075 1.00079 1.00086 1.00097 1.00111 1.00129 1.00149 1.0017 1.00194 1.00219 1.00245 1.00272 1.00301 1.00332 1.00365 1.00402 1.00443 1.0049 1.00544 1.00607 1.0068 1.00765 1.00864 1.00978 1.01108 1.01254 1.01414 1.01591 1.01788 1.01997 1.02233 1.02516 1.0277 1.02827 1.06113 1.2173 1.07263 1.12442 1.01966 1.07926 1.00472 1.00896 1.0013 1.00008 1.00001 1 1 1 1 1 1 1 1 1 1 1.20513 
1 1.19972 1 1 1 1 1 1 1 1 1.00002 1.00033 1.00342 1.00123 1.11395 1.03309 1.27879 1.00216 1.27289 1.07126 1.02753 1.03251 1.03099 1.02441 1.02128 1.01938 1.01733 1.01539 1.01362 1.01196 1.01045 1.00907 1.00782 1.00671 1.00573 1.00488 1.00416 1.00355 1.00305 1.00266 1.00235 1.00213 1.00196 1.00184 1.00175 1.00169 1.00163 1.00157 1.00149 1.00139 1.00129 1.00119 1.00109 1.001 1.00092 1.00085 1.00078 1.00072 1.00067 1.00062 1.00059 1.00058 1.0006 1.00065 1.00072 1.00083 1.00097 1.00112 1.0013 1.00149 1.00169 1.00191 1.00214 1.00239 1.00266 1.00296 1.0033 1.0037 1.00414 1.00466 1.00526 1.00595 1.00676 1.0077 1.00878 1.01002 1.01141 1.01296 1.01467 1.01654 1.01855 1.02072 1.02318 1.02661 1.02996 1.03378 1.1294 1.45122 1.02936 1.38621 1.05415 1.14645 1.00338 1.00507 1.00054 1.00003 1 1 1 1 1 1 1 1 1 1 1.20513 
1 1.19972 1 1 1 1 1 1 1 1 1.00004 1.00067 1.00667 1.00189 1.12098 1.03953 1.27603 1.00199 1.30001 1.07131 1.02785 1.03756 1.02975 1.02299 1.02106 1.01894 1.01681 1.01493 1.01315 1.01151 1.01 1.00862 1.00738 1.00628 1.00531 1.00447 1.00377 1.00318 1.0027 1.00233 1.00204 1.00183 1.00168 1.00157 1.00149 1.00143 1.00138 1.00132 1.00125 1.00117 1.00108 1.00098 1.00089 1.00081 1.00074 1.00068 1.00063 1.00058 1.00054 1.0005 1.00048 1.00046 1.00047 1.0005 1.00055 1.00063 1.00073 1.00085 1.00099 1.00114 1.00131 1.00148 1.00168 1.00189 1.00214 1.00242 1.00275 1.00313 1.00357 1.00407 1.00465 1.00532 1.00609 1.00698 1.00801 1.00918 1.01051 1.01199 1.01363 1.01541 1.01736 1.01941 1.02155 1.02424 1.02882 1.03037 1.06666 1.33634 1.02007 1.3075 1.09717 1.1426 1.00673 1.01566 1.00219 1.00012 1.00001 1 1 1 1 1 1 1 1 1 1.20513 
1 1.19972 1 1 1 1 1 1 1 1 1.00003 1.00041 1.00454 1.00092 1.06759 1.00776 1.15665 1.03809 1.19401 1.0628 1.03872 1.03681 1.02643 1.02261 1.02074 1.01853 1.01639 1.01454 1.01279 1.01113 1.00961 1.00824 1.00702 1.00593 1.00497 1.00415 1.00346 1.00289 1.00243 1.00207 1.00181 1.00161 1.00147 1.00136 1.00129 1.00123 1.00119 1.00113 1.00107 1.00099 1.00091 1.00081 1.00073 1.00065 1.00059 1.00054 1.0005 1.00047 1.00044 1.00042 1.0004 1.00039 1.00039 1.0004 1.00044 1.00049 1.00057 1.00066 1.00076 1.00088 1.001 1.00115 1.00131 1.0015 1.00173 1.00201 1.00233 1.00271 1.00315 1.00365 1.00423 1.00488 1.00563 1.00649 1.00747 1.00858 1.00984 1.01124 1.01279 1.01448 1.01633 1.0183 1.0203 1.02257 1.0256 1.02773 1.06528 1.23015 1.0663 1.26564 1.02359 1.18678 1.00653 1.01311 1.00181 1.0001 1.00001 1 1 1 1 1 1 1 1 1 1.20513 
1 1.19972 1 1 1 1 1 1 1 1.00001 1.00008 1.00089 1.00315 1.07156 1.01097 1.22505 1.02323 1.40514 1.10608 1.05426 1.04442 1.02949 1.0246 1.02259 1.0204 1.01808 1.01605 1.01422 1.01244 1.01078 1.00929 1.00793 1.00672 1.00564 1.00469 1.00389 1.00321 1.00266 1.00222 1.00188 1.00163 1.00144 1.00131 1.00121 1.00114 1.00108 1.00103 1.00098 1.00091 1.00084 1.00075 1.00067 1.00058 1.00051 1.00045 1.00041 1.00039 1.00037 1.00036 1.00035 1.00034 1.00033 1.00033 1.00033 1.00036 1.00039 1.00044 1.00051 1.00058 1.00067 1.00077 1.00088 1.00102 1.0012 1.00142 1.00169 1.00202 1.00241 1.00286 1.00337 1.00396 1.00461 1.00535 1.00619 1.00713 1.0082 1.00939 1.01071 1.01216 1.01375 1.01546 1.0173 1.01915 1.02119 1.02365 1.02504 1.04337 1.12524 1.18905 1.23655 1.01233 1.13368 1.01063 1.0124 1.0017 1.0001 1.00001 1 1 1 1 1 1 1 1 1 1.20513 
1 1.19972 1 1 1 1 1 1 1 1.00001 1.00012 1.00137 1.00909 1.09903 1.0044 1.19732 1.05664 1.43922 1.06807 1.0543 1.04153 1.02782 1.02416 1.02238 1.02 1.01768 1.01578 1.01389 1.0121 1.01048 1.009 1.00767 1.00646 1.0054 1.00448 1.00369 1.00303 1.00249 1.00207 1.00174 1.0015 1.00132 1.00119 1.00109 1.00102 1.00095 1.0009 1.00084 1.00077 1.0007 1.00062 1.00053 1.00046 1.00039 1.00034 1.00031 1.00029 1.00029 1.00029 1.00029 1.00029 1.00028 1.00028 1.00028 1.00029 1.00031 1.00034 1.00039 1.00044 1.0005 1.00057 1.00067 1.00079 1.00096 1.00118 1.00145 1.00179 1.00219 1.00266 1.00319 1.0038 1.00447 1.00521 1.00604 1.00697 1.00799 1.00913 1.01037 1.01173 1.01319 1.01474 1.01641 1.01812 1.01992 1.02185 1.02397 1.02716 1.053 1.16754 1.26493 1.25218 1.04852 1.05158 1.01006 1.00219 1.00015 1.00001 1 1 1 1 1 1 1 1 1 1.20513 
1 1.19972 1 1 1 1 1 1 1 1 1.00001 1.00013 1.00155 1.03582 1.00057 1.11404 1.01406 1.45224 1.16342 1.05273 1.03319 1.02758 1.02416 1.02202 1.01948 1.0174 1.01543 1.01352 1.01179 1.01019 1.00874 1.00742 1.00624 1.0052 1.0043 1.00353 1.00289 1.00237 1.00195 1.00163 1.00139 1.00122 1.00108 1.00099 1.00091 1.00084 1.00077 1.00071 1.00064 1.00057 1.0005 1.00042 1.00035 1.00029 1.00024 1.00022 1.00021 1.00021 1.00022 1.00023 1.00024 1.00024 1.00024 1.00024 1.00024 1.00025 1.00026 1.00029 1.00032 1.00036 1.00042 1.0005 1.00061 1.00077 1.00099 1.00127 1.00162 1.00204 1.00253 1.00309 1.00371 1.0044 1.00517 1.006 1.00692 1.00792 1.009 1.01017 1.01143 1.01276 1.01417 1.01563 1.01714 1.01871 1.02036 1.02228 1.02325 1.03128 1.04759 1.11641 1.6058 1.29443 1.36396 1.04011 1.06294 1.00419 1.00102 1.00009 1.00001 1 1 1 1 1 1 1 1.20513 
1 1.19972 1 1 1 1 1 1 1 1 1.00002 1.00029 1.00157 1.05555 1.01736 1.17217 1.07872 1.39714 1.13948 1.04736 1.03006 1.02606 1.024 1.0214 1.01912 1.01702 1.01501 1.01317 1.01146 1.0099 1.00847 1.00718 1.00603 1.00502 1.00414 1.00339 1.00277 1.00227 1.00186 1.00155 1.00131 1.00113 1.00099 1.00089 1.0008 1.00072 1.00066 1.00059 1.00052 1.00046 1.00039 1.00032 1.00026 1.00021 1.00017 1.00015 1.00014 1.00015 1.00017 1.00018 1.00019 1.0002 1.0002 1.00019 1.00019 1.00019 1.00019 1.0002 1.00022 1.00025 1.00029 1.00037 1.00048 1.00064 1.00086 1.00115 1.00151 1.00194 1.00245 1.00303 1.00368 1.00439 1.00517 1.00602 1.00693 1.00791 1.00895 1.01005 1.01121 1.01241 1.01366 1.01496 1.01628 1.01765 1.01919 1.02086 1.02201 1.02795 1.03361 1.05265 1.22196 1.0224 1.09762 1.0176 1.03523 1.00098 1.00073 1.00006 1 1 1 1 1 1 1 1 1.20513 
1 1.19972 1 1 1 1 1 1 1 1.00004 1.00059 1.0055 1.00864 1.15155 1.01254 1.21922 1.02051 1.40659 1.09055 1.03474 1.02935 1.02566 1.02339 1.02076 1.01872 1.01657 1.01458 1.01278 1.01111 1.00959 1.0082 1.00694 1.00582 1.00484 1.004 1.00328 1.00268 1.00218 1.00179 1.00147 1.00123 1.00104 1.0009 1.00078 1.00069 1.00061 1.00054 1.00047 1.00041 1.00035 1.00029 1.00024 1.00018 1.00014 1.00011 1.0001 1.00009 1.0001 1.00012 1.00014 1.00015 1.00016 1.00016 1.00015 1.00015 1.00014 1.00014 1.00014 1.00015 1.00017 1.00021 1.00028 1.00039 1.00055 1.00077 1.00107 1.00144 1.00189 1.00241 1.00301 1.00367 1.0044 1.00519 1.00604 1.00694 1.0079 1.0089 1.00994 1.01101 1.01211 1.01324 1.01439 1.0156 1.01694 1.01835 1.01984 1.02103 1.02464 1.0298 1.03008 1.1096 1.26732 1.16144 1.05777 1.02063 1.00419 1.00044 1.00003 1 1 1 1 1 1 1 1 1.20513 
1 1.19972 1 1 1 1 1 1 1 1.00006 1.00099 1.00853 1.00183 1.11299 1.0025 1.18615 1.00427 1.3108 1.0662 1.0321 1.0287 1.0251 1.02275 1.02033 1.01818 1.01602 1.01412 1.01237 1.01074 1.00926 1.00791 1.00669 1.00562 1.00468 1.00386 1.00317 1.00259 1.00211 1.00172 1.0014 1.00115 1.00096 1.0008 1.00068 1.00058 1.0005 1.00043 1.00037 1.00031 1.00026 1.00022 1.00017 1.00013 1.0001 1.00007 1.00006 1.00006 1.00007 1.00008 1.0001 1.00011 1.00012 1.00012 1.00012 1.00011 1.0001 1.00009 1.00009 1.0001 1.00012 1.00016 1.00023 1.00034 1.00051 1.00074 1.00104 1.00142 1.00187 1.0024 1.00301 1.00368 1.00441 1.0052 1.00604 1.00692 1.00785 1.0088 1.00979 1.0108 1.01183 1.0129 1.014 1.01516 1.01655 1.01801 1.01938 1.02083 1.02344 1.02721 1.02948 1.04007 1.16303 1.5018 1.0262 1.10523 1.00131 1.00281 1.00027 1.00002 1 1 1 1 1 1 1 1.20513 
1 1.19972 1 1 1 1 1 1 1.00001 1.0001 1.00179 1.01343 1.00412 1.11855 1.00603 1.20591 1.01149 1.25033 1.07503 1.03371 1.02774 1.02433 1.02231 1.01976 1.01749 1.01549 1.01365 1.01195 1.01036 1.00892 1.00762 1.00646 1.00543 1.00453 1.00375 1.00309 1.00252 1.00205 1.00166 1.00134 1.00108 1.00087 1.0007 1.00058 1.00048 1.0004 1.00033 1.00028 1.00023 1.00019 1.00015 1.00012 1.00009 1.00006 1.00004 1.00003 1.00003 1.00004 1.00005 1.00006 1.00008 1.00009 1.00009 1.00009 1.00008 1.00007 1.00007 1.00007 1.00009 1.00011 1.00016 1.00023 1.00035 1.00052 1.00076 1.00106 1.00144 1.0019 1.00243 1.00302 1.00368 1.0044 1.00517 1.00599 1.00684 1.00772 1.00864 1.00959 1.01056 1.01159 1.01267 1.01381 1.01507 1.01654 1.01813 1.01975 1.02124 1.02362 1.02712 1.03726 1.11359 1.19297 1.14285 1.02992 1.03524 1.00101 1.00038 1.00003 1 1 1 1 1 1 1 1 1.20513 
1 1.19972 1 1 1 1 1 1 1 1.00005 1.0008 1.00549 1.02065 1.07626 1.01559 1.11036 1.04572 1.17613 1.06652 1.03221 1.0274 1.0234 1.02154 1.0192 1.01691 1.01497 1.01319 1.01153 1.01 1.00862 1.00737 1.00625 1.00527 1.00441 1.00367 1.00302 1.00247 1.00201 1.00161 1.00128 1.001 1.00078 1.00061 1.00047 1.00037 1.0003 1.00024 1.00019 1.00016 1.00013 1.0001 1.00008 1.00006 1.00004 1.00002 1.00002 1.00002 1.00002 1.00003 1.00004 1.00005 1.00006 1.00007 1.00007 1.00007 1.00007 1.00007 1.00008 1.0001 1.00014 1.0002 1.00029 1.00041 1.00059 1.00083 1.00113 1.00151 1.00196 1.00247 1.00305 1.00368 1.00437 1.0051 1.00588 1.00669 1.00753 1.00842 1.00936 1.01036 1.01143 1.0126 1.01384 1.01531 1.01692 1.01857 1.02065 1.02205 1.02561 1.02914 1.06077 1.18815 1.00946 1.11396 1.0552 1.01956 1.00478 1.00025 1.00002 1 1 1 1 1 1 1 1 1.20513 
1 1.19972 1 1 1 1 1 1 1.00005 1.00073 1.0065 1.00449 1.18134 1.01159 1.20492 1.03893 1.25175 1.11279 1.03557 1.03073 1.02648 1.02278 1.02089 1.01863 1.01638 1.01453 1.01279 1.01117 1.0097 1.00837 1.00718 1.00611 1.00518 1.00435 1.00363 1.003 1.00246 1.00199 1.00158 1.00123 1.00094 1.00071 1.00052 1.00038 1.00028 1.00021 1.00016 1.00012 1.0001 1.00008 1.00006 1.00005 1.00003 1.00002 1.00001 1.00001 1 1.00001 1.00001 1.00002 1.00003 1.00004 1.00005 1.00006 1.00007 1.00008 1.00009 1.00012 1.00015 1.00021 1.00028 1.00038 1.00052 1.00071 1.00094 1.00124 1.00161 1.00204 1.00252 1.00307 1.00367 1.00431 1.00499 1.00572 1.00649 1.00732 1.00821 1.00918 1.01025 1.01141 1.0127 1.0141 1.01574 1.01756 1.0194 1.02178 1.02358 1.02747 1.03194 1.08425 1.26523 1.00773 1.13834 1.0162 1.06409 1.01581 1.00061 1.00005 1 1 1 1 1 1 1 1 1.20513 
1 1.19972 1 1 1 1 1 1.00001 1.00011 1.00187 1.01401 1.00544 1.15191 1.0008 1.19796 1.01315 1.20834 1.06199 1.02882 1.02964 1.02546 1.0227 1.02033 1.01795 1.01595 1.01415 1.01246 1.0109 1.0095 1.00822 1.00708 1.00606 1.00516 1.00436 1.00366 1.00304 1.00249 1.002 1.00158 1.00121 1.0009 1.00065 1.00046 1.00031 1.00021 1.00014 1.0001 1.00007 1.00005 1.00004 1.00003 1.00003 1.00002 1.00001 1.00001 1 1 1 1.00001 1.00002 1.00003 1.00004 1.00005 1.00007 1.00009 1.00011 1.00014 1.00019 1.00024 1.00031 1.0004 1.00052 1.00067 1.00085 1.00109 1.00138 1.00172 1.00212 1.00257 1.00308 1.00363 1.00422 1.00486 1.00556 1.00632 1.00716 1.00809 1.00914 1.0103 1.01157 1.01301 1.01457 1.01639 1.01834 1.02037 1.02302 1.02587 1.02955 1.03866 1.10149 1.23093 1.00141 1.06997 1.0303 1.12341 1.02634 1.00086 1.00007 1 1 1 1 1 1 1 1 1.20513 
1 1.19972 1 1 1 1 1 1.00001 1.00008 1.00131 1.0104 1.00629 1.17445 1.01694 1.1652 1.00354 1.23687 1.06115 1.02719 1.02876 1.02503 1.02233 1.01986 1.01754 1.01565 1.01388 1.01225 1.01077 1.00942 1.00819 1.0071 1.00612 1.00525 1.00447 1.00376 1.00314 1.00257 1.00207 1.00162 1.00123 1.0009 1.00063 1.00043 1.00027 1.00017 1.0001 1.00006 1.00004 1.00003 1.00002 1.00002 1.00002 1.00002 1.00001 1.00001 1.00001 1 1.00001 1.00001 1.00002 1.00004 1.00005 1.00007 1.0001 1.00013 1.00017 1.00022 1.00028 1.00035 1.00044 1.00055 1.00068 1.00083 1.00102 1.00125 1.00152 1.00184 1.0022 1.00261 1.00307 1.00358 1.00414 1.00476 1.00546 1.00625 1.00713 1.00814 1.00928 1.01055 1.01194 1.01351 1.01524 1.01723 1.01926 1.0215 1.02419 1.0279 1.03547 1.04059 1.08454 1.22111 1.00123 1.08044 1.00876 1.14354 1.02952 1.00131 1.00011 1.00001 1 1 1 1 1 1 1 1.20513 
1 1.19972 1 1 1 1 1 1 1 1.00006 1.00081 1.00143 1.03647 1.13906 1.13618 1.01294 1.18655 1.05296 1.02661 1.02789 1.02452 1.02187 1.01952 1.01734 1.01548 1.01375 1.01219 1.01077 1.00948 1.00831 1.00725 1.0063 1.00544 1.00466 1.00395 1.00331 1.00272 1.00219 1.00171 1.0013 1.00095 1.00066 1.00044 1.00028 1.00017 1.0001 1.00006 1.00004 1.00003 1.00003 1.00003 1.00003 1.00003 1.00003 1.00002 1.00002 1.00002 1.00003 1.00004 1.00005 1.00006 1.00009 1.00012 1.00015 1.0002 1.00026 1.00033 1.0004 1.00049 1.0006 1.00072 1.00086 1.00101 1.0012 1.00141 1.00166 1.00195 1.00228 1.00265 1.00308 1.00357 1.00413 1.00477 1.0055 1.00635 1.00731 1.00841 1.00965 1.01103 1.01253 1.0142 1.01606 1.0181 1.02065 1.02284 1.0255 1.03254 1.03601 1.04224 1.12193 1.26433 1.00869 1.07811 1.00381 1.07984 1.00427 1.00057 1.00005 1 1 1 1 1 1 1 1 1.20513 
1 1.19972 1 1 1 1 1 1 1.00002 1.00023 1.00455 1.02634 1.011 1.32359 1.09448 1.02644 1.1571 1.04934 1.02665 1.02658 1.02465 1.02159 1.01916 1.01724 1.01544 1.0138 1.0123 1.01094 1.0097 1.00856 1.00754 1.0066 1.00574 1.00496 1.00423 1.00355 1.00294 1.00237 1.00187 1.00142 1.00105 1.00074 1.0005 1.00033 1.00021 1.00013 1.00009 1.00007 1.00006 1.00006 1.00006 1.00006 1.00006 1.00006 1.00006 1.00006 1.00007 1.00007 1.00008 1.0001 1.00012 1.00015 1.00019 1.00023 1.0003 1.00037 1.00045 1.00055 1.00066 1.00077 1.0009 1.00104 1.0012 1.00137 1.00157 1.0018 1.00207 1.00237 1.00274 1.00316 1.00366 1.00425 1.00495 1.00575 1.00668 1.00774 1.00893 1.01027 1.01173 1.01331 1.0151 1.01707 1.01906 1.02151 1.02465 1.02889 1.03326 1.03241 1.07308 1.18482 1.0324 1.05193 1.0099 1.02391 1.01967 1.013 1.00051 1.00003 1 1 1 1 1 1 1 1 1.20513 
1 1.19972 1 1 1 1 1 1 1.00001 1.00012 1.00207 1.01224 1.01198 1.20175 1.12128 1.03959 1.1231 1.04658 1.02656 1.02585 1.02467 1.02156 1.0192 1.01732 1.01557 1.01402 1.01258 1.01127 1.01007 1.00897 1.00796 1.00702 1.00616 1.00535 1.00459 1.00388 1.00323 1.00263 1.00209 1.00162 1.00121 1.00089 1.00063 1.00044 1.00031 1.00022 1.00017 1.00014 1.00012 1.00012 1.00011 1.00012 1.00012 1.00012 1.00012 1.00013 1.00014 1.00015 1.00016 1.00018 1.00021 1.00025 1.00029 1.00035 1.00042 1.00051 1.00061 1.00072 1.00084 1.00097 1.0011 1.00124 1.00139 1.00156 1.00175 1.00197 1.00223 1.00255 1.00293 1.00339 1.00394 1.0046 1.00537 1.00626 1.00728 1.00842 1.0097 1.01111 1.01264 1.0143 1.01609 1.0181 1.02026 1.02278 1.02702 1.03027 1.0321 1.03382 1.07692 1.28594 1.00521 1.12918 1.00919 1.03606 1.00707 1.01528 1.00081 1.00005 1 1 1 1 1 1 1 1 1.20513 
1 1.19972 1 1 1 1 1 1.00001 1.00009 1.00158 1.01182 1.00607 1.1724 1.00074 1.2675 1.05322 1.07565 1.04472 1.02663 1.02579 1.02478 1.02177 1.0194 1.01757 1.01591 1.01442 1.01304 1.01177 1.0106 1.00951 1.00851 1.00756 1.00667 1.00583 1.00503 1.00429 1.00359 1.00295 1.00238 1.00188 1.00145 1.0011 1.00082 1.00061 1.00046 1.00036 1.00029 1.00025 1.00023 1.00021 1.0002 1.0002 1.00021 1.00021 1.00022 1.00023 1.00025 1.00026 1.00029 1.00031 1.00034 1.00039 1.00044 1.00051 1.00059 1.00069 1.0008 1.00093 1.00106 1.00119 1.00133 1.00147 1.00163 1.0018 1.00199 1.00223 1.00251 1.00287 1.0033 1.00382 1.00445 1.00519 1.00605 1.00703 1.00813 1.00934 1.01068 1.01214 1.01373 1.0154 1.01715 1.01925 1.02197 1.0249 1.02678 1.03052 1.0341 1.03459 1.06881 1.28606 1.00337 1.1296 1.00355 1.0315 1.0047 1.00832 1.00036 1.00002 1 1 1 1 1 1 1 1 1.20513 
1 1.19972 1 1 1 1 1 1.00001 1.00009 1.00146 1.01113 1.00694 1.18385 1.09897 1.51216 1.10427 1.06282 1.04197 1.0279 1.02587 1.02509 1.02248 1.01983 1.01801 1.01645 1.015 1.01367 1.01243 1.01128 1.0102 1.00918 1.00821 1.00728 1.0064 1.00556 1.00477 1.00404 1.00336 1.00275 1.00222 1.00177 1.00139 1.00109 1.00085 1.00068 1.00055 1.00047 1.00041 1.00037 1.00034 1.00033 1.00032 1.00033 1.00034 1.00035 1.00037 1.0004 1.00042 1.00045 1.00049 1.00053 1.00058 1.00064 1.00071 1.0008 1.00091 1.00103 1.00117 1.00131 1.00146 1.0016 1.00176 1.00193 1.00212 1.00235 1.00263 1.00298 1.0034 1.00391 1.00452 1.00523 1.00606 1.007 1.00805 1.0092 1.01047 1.01185 1.01335 1.01495 1.0166 1.01855 1.02059 1.0234 1.02629 1.02684 1.0328 1.03707 1.03678 1.12956 1.31344 1.01604 1.11252 1.00495 1.02336 1.00332 1.00443 1.00017 1.00001 1 1 1 1 1 1 1 1 1.20513 
1 1.19972 1 1 1 1 1 1 1.00001 1.00011 1.00194 1.01134 1.00816 1.07408 1.06694 1.20134 1.09186 1.03612 1.02826 1.02777 1.02553 1.02304 1.02053 1.0187 1.01721 1.01579 1.01449 1.01327 1.0121 1.01101 1.00996 1.00896 1.00799 1.00706 1.00618 1.00534 1.00457 1.00385 1.00321 1.00265 1.00216 1.00176 1.00143 1.00117 1.00096 1.00081 1.00069 1.00061 1.00055 1.00051 1.00049 1.00048 1.00048 1.0005 1.00052 1.00056 1.00059 1.00063 1.00068 1.00072 1.00077 1.00083 1.00089 1.00097 1.00107 1.00119 1.00132 1.00147 1.00163 1.00179 1.00196 1.00215 1.00235 1.0026 1.00289 1.00324 1.00367 1.00418 1.00478 1.00548 1.00628 1.00718 1.00818 1.00927 1.01047 1.01176 1.01319 1.01472 1.01623 1.01801 1.02008 1.02208 1.0249 1.02765 1.02928 1.03477 1.03711 1.06111 1.20121 1.0479 1.06177 1.01162 1.02123 1.00564 1.00563 1.0012 1.00002 1 1 1 1 1 1 1 1 1 1.20513 
1 1.19972 1 1 1 1 1 1 1.00001 1.00015 1.0028 1.01739 1.00462 1.17448 1.022 1.42617 1.15376 1.0386 1.02705 1.02927 1.02839 1.02416 1.02149 1.01967 1.01818 1.01679 1.01549 1.01426 1.01308 1.01195 1.01087 1.00981 1.0088 1.00782 1.00688 1.006 1.00518 1.00443 1.00376 1.00316 1.00265 1.00221 1.00185 1.00155 1.00131 1.00112 1.00097 1.00086 1.00077 1.00071 1.00068 1.00067 1.00068 1.0007 1.00074 1.00078 1.00084 1.00089 1.00095 1.00101 1.00107 1.00114 1.00122 1.00131 1.00141 1.00154 1.00168 1.00185 1.00203 1.00222 1.00243 1.00267 1.00294 1.00326 1.00364 1.00409 1.00461 1.00522 1.00591 1.00669 1.00756 1.00851 1.00955 1.01067 1.01189 1.01321 1.01466 1.01613 1.01762 1.01957 1.02152 1.02383 1.02662 1.02847 1.03403 1.03777 1.03794 1.13272 1.35324 1.02643 1.15515 1.01131 1.03397 1.00023 1.00413 1.0004 1 1 1 1 1 1 1 1 1 1 1.20513 
1 1.19972 1 1 1 1 1 1 1 1.00005 1.00058 1.00726 1.04907 1.00275 1.17003 1.04411 1.23972 1.06504 1.02775 1.02759 1.03134 1.02731 1.02299 1.02096 1.01935 1.01798 1.01668 1.01543 1.01421 1.01303 1.01189 1.01078 1.00971 1.00867 1.00769 1.00676 1.0059 1.00511 1.0044 1.00378 1.00323 1.00275 1.00235 1.00201 1.00173 1.0015 1.00131 1.00116 1.00104 1.00096 1.00092 1.0009 1.00091 1.00094 1.00099 1.00106 1.00113 1.00121 1.00129 1.00137 1.00145 1.00153 1.00162 1.00172 1.00184 1.00197 1.00214 1.00233 1.00254 1.00278 1.00305 1.00335 1.00371 1.00413 1.00462 1.00517 1.0058 1.0065 1.00727 1.00812 1.00903 1.01002 1.01108 1.01222 1.01345 1.01476 1.01618 1.01766 1.01934 1.02139 1.02296 1.02571 1.02854 1.03114 1.03736 1.03612 1.05973 1.20933 1.07078 1.07716 1.00904 1.02358 1.00538 1.0027 1.00093 1.00028 1.00001 1 1 1 1 1 1 1 1 1 1.20513 
1 1.19972 1 1 1 1 1 1 1 1.00004 1.0005 1.00566 1.04138 1.0172 1.25884 1.05179 1.45311 1.13729 1.03411 1.02602 1.03282 1.02954 1.02522 1.02272 1.0208 1.01937 1.01803 1.01676 1.01548 1.01422 1.01303 1.01185 1.01072 1.00963 1.0086 1.00763 1.00673 1.0059 1.00515 1.00449 1.0039 1.00339 1.00294 1.00255 1.00222 1.00194 1.0017 1.00151 1.00136 1.00126 1.0012 1.00118 1.00119 1.00123 1.00129 1.00138 1.00147 1.00158 1.00168 1.00179 1.00189 1.00199 1.0021 1.00222 1.00235 1.00251 1.0027 1.00292 1.00318 1.00348 1.00382 1.00422 1.00468 1.00521 1.00581 1.00648 1.0072 1.00798 1.00882 1.00972 1.01066 1.01166 1.01274 1.01388 1.0151 1.0164 1.01791 1.01942 1.02112 1.02301 1.02556 1.02799 1.02998 1.03541 1.03794 1.03524 1.13436 1.37584 1.02521 1.17023 1.01249 1.03535 1.00027 1.00218 1.00023 1.00012 1 1 1 1 1 1 1 1 1 1 1.20513 
1 1.19972 1 1 1 1 1 1 1 1 1.00001 1.00017 1.00323 1.021 1.0265 1.12285 1.20154 1.29001 1.12539 1.02854 1.03516 1.03468 1.02798 1.02529 1.02256 1.02094 1.01953 1.01824 1.0169 1.01556 1.01428 1.01305 1.01185 1.01071 1.00962 1.0086 1.00766 1.0068 1.00602 1.00531 1.00468 1.00411 1.00362 1.00317 1.00279 1.00245 1.00216 1.00193 1.00174 1.00161 1.00154 1.00151 1.00152 1.00157 1.00165 1.00176 1.00188 1.00201 1.00215 1.00228 1.00241 1.00254 1.00268 1.00282 1.00298 1.00317 1.00339 1.00365 1.00397 1.00433 1.00477 1.00526 1.00584 1.00648 1.00719 1.00796 1.00877 1.00962 1.01052 1.01144 1.0124 1.01342 1.0145 1.01563 1.01681 1.01824 1.01985 1.02108 1.02282 1.02525 1.02768 1.02861 1.03384 1.03887 1.04245 1.11788 1.27463 1.17539 1.08081 1.02204 1.01304 1.00317 1.00142 1.00036 1.00019 1.00002 1 1 1 1 1 1 1 1 1 1 1.20513 
1 1.19972 1 1 1 1 1 1 1 1 1 1.00005 1.00072 1.00602 1.02124 1.09304 1.05246 1.11897 1.28311 1.10634 1.03207 1.04196 1.03281 1.02736 1.02507 1.02282 1.02123 1.01985 1.01844 1.01703 1.01567 1.01436 1.0131 1.0119 1.01077 1.0097 1.00872 1.00782 1.00699 1.00624 1.00556 1.00494 1.00438 1.00388 1.00343 1.00304 1.0027 1.00242 1.0022 1.00204 1.00194 1.0019 1.00192 1.00198 1.00207 1.00219 1.00234 1.0025 1.00267 1.00285 1.00301 1.00318 1.00335 1.00352 1.00371 1.00394 1.0042 1.00452 1.0049 1.00535 1.00587 1.00648 1.00716 1.00791 1.00873 1.00958 1.01047 1.01139 1.01233 1.01328 1.01425 1.01527 1.01634 1.01745 1.01872 1.02042 1.02157 1.02296 1.02494 1.02761 1.02883 1.03175 1.0394 1.03803 1.06586 1.21344 1.05484 1.05306 1.04193 1.02633 1.01332 1.00085 1.00067 1.00021 1.00006 1 1 1 1 1 1 1 1 1 1 1 1.20513 
1 1.19972 1 1 1 1 1 1 1 1 1 1.00001 1.00019 1.00037 1.02086 1.01834 1.1557 1.03637 1.10057 1.28756 1.1077 1.04595 1.04458 1.0297 1.02765 1.02543 1.02321 1.02167 1.02009 1.01858 1.01717 1.01579 1.01447 1.01322 1.01204 1.01093 1.0099 1.00895 1.00808 1.00727 1.00654 1.00586 1.00524 1.00468 1.00416 1.00371 1.00332 1.00299 1.00273 1.00254 1.00243 1.00238 1.00239 1.00245 1.00256 1.00271 1.00288 1.00307 1.00328 1.00349 1.0037 1.0039 1.00411 1.00433 1.00457 1.00484 1.00515 1.00553 1.00598 1.00652 1.00713 1.00784 1.00863 1.00948 1.01039 1.01132 1.01229 1.01326 1.01422 1.01519 1.01616 1.01718 1.01825 1.01933 1.02088 1.02251 1.02346 1.02538 1.02827 1.03037 1.03357 1.0374 1.0404 1.04099 1.12739 1.45514 1.11108 1.27196 1.0203 1.05307 1.00306 1.00203 1.00009 1.00011 1 1 1 1 1 1 1 1 1 1 1 1 1.20513 
1 1.19972 1 1 1 1 1 1 1 1 1 1 1.00005 1.0006 1.00042 1.04027 1.01554 1.14335 1.03599 1.11214 1.27671 1.12833 1.06478 1.05223 1.03113 1.02838 1.02554 1.02364 1.02205 1.0203 1.01879 1.01734 1.01597 1.01466 1.01343 1.01228 1.0112 1.0102 1.00927 1.00841 1.00762 1.00688 1.0062 1.00557 1.00499 1.00448 1.00403 1.00366 1.00336 1.00315 1.00301 1.00295 1.00296 1.00302 1.00314 1.0033 1.00349 1.00372 1.00396 1.00421 1.00446 1.00472 1.00497 1.00524 1.00553 1.00586 1.00623 1.00668 1.00721 1.00782 1.00853 1.00933 1.01021 1.01116 1.01215 1.01316 1.01419 1.01518 1.01616 1.01715 1.01814 1.01919 1.02028 1.02154 1.02352 1.02467 1.02593 1.02938 1.03146 1.03408 1.03709 1.04115 1.04479 1.1284 1.27132 1.22833 1.10542 1.01099 1.01293 1.00153 1.00063 1.00022 1.00008 1 1 1 1 1 1 1 1 1 1 1 1 1 1.20513 
1 1.19972 1 1 1 1 1 1 1 1 1 1 1.00001 1.00012 1.00135 1.00094 1.06401 1.01219 1.14006 1.03082 1.10414 1.24305 1.1331 1.08492 1.04187 1.02932 1.02896 1.02576 1.024 1.02219 1.02051 1.019 1.01756 1.01621 1.01493 1.01373 1.0126 1.01155 1.01057 1.00965 1.0088 1.008 1.00725 1.00656 1.00592 1.00536 1.00486 1.00444 1.00411 1.00386 1.0037 1.00362 1.00362 1.00369 1.00381 1.00398 1.0042 1.00445 1.00473 1.00502 1.00532 1.00562 1.00594 1.00626 1.00661 1.007 1.00744 1.00796 1.00856 1.00926 1.01005 1.01094 1.01191 1.01293 1.01399 1.01506 1.01612 1.01715 1.01818 1.0192 1.02027 1.02137 1.02241 1.02415 1.02635 1.02696 1.03058 1.03232 1.03507 1.03801 1.04257 1.04758 1.12736 1.2678 1.0953 1.03889 1.08602 1.01225 1.00589 1.00008 1.00032 1.00005 1 1 1 1 1 1 1 1 1 1 1 1 1 1 1.20513 
1 1.19972 1 1 1 1 1 1 1 1 1 1 1 1.00002 1.0003 1.00287 1.00067 1.08121 1.00814 1.18319 1.01996 1.1892 1.20906 1.20036 1.09137 1.03219 1.03039 1.02911 1.02629 1.024 1.02221 1.02072 1.01923 1.01785 1.01653 1.01529 1.01411 1.013 1.01196 1.01099 1.01007 1.00921 1.0084 1.00765 1.00696 1.00634 1.0058 1.00534 1.00497 1.00469 1.00451 1.00442 1.0044 1.00446 1.00459 1.00477 1.00501 1.00528 1.00559 1.00593 1.00628 1.00663 1.007 1.00739 1.0078 1.00825 1.00877 1.00936 1.01003 1.01081 1.01168 1.01264 1.01369 1.01478 1.0159 1.01705 1.01814 1.01921 1.0203 1.02138 1.02246 1.02338 1.02454 1.0282 1.03015 1.03159 1.03423 1.03601 1.03958 1.04316 1.05059 1.1279 1.26424 1.11945 1.02541 1.15625 1.01251 1.01073 1.00039 1.00042 1.00002 1 1 1 1 1 1 1 1 1 1 1 1 1 1 1 1.20513 
1 1.19972 1 1 1 1 1 1 1 1 1 1 1 1 1.00002 1.00038 1.004 1.0008 1.08774 1.01513 1.24567 1.10157 1.31404 1.39022 1.2545 1.1138 1.03174 1.03037 1.0297 1.02679 1.02416 1.02248 1.02097 1.01953 1.01819 1.01692 1.01571 1.01454 1.01344 1.01241 1.01144 1.01052 1.00966 1.00886 1.00812 1.00745 1.00687 1.00637 1.00597 1.00566 1.00546 1.00534 1.00532 1.00537 1.00549 1.00568 1.00593 1.00623 1.00658 1.00695 1.00734 1.00776 1.00818 1.00863 1.00911 1.00963 1.01021 1.01087 1.01161 1.01246 1.0134 1.01443 1.01553 1.01667 1.01791 1.01911 1.02022 1.02138 1.02247 1.0235 1.02454 1.02609 1.03072 1.03583 1.03577 1.03514 1.03851 1.03992 1.05026 1.08738 1.14295 1.2535 1.1045 1.02487 1.1089 1.01467 1.02308 1.00152 1.00054 1 1 1 1 1 1 1 1 1 1 1 1 1 1 1 1 1 1.20513 
1 1.19972 1 1 1 1 1 1 1 1 1 1 1 1 1 1.00001 1.00021 1.00167 1.00029 1.04222 1.04029 1.14777 1.28012 1.05699 1.10883 1.25485 1.10541 1.03402 1.03254 1.03067 1.02671 1.02443 1.02283 1.02131 1.01992 1.0186 1.01735 1.01618 1.01502 1.01391 1.01289 1.01192 1.01102 1.01017 1.00939 1.00869 1.00806 1.00753 1.0071 1.00677 1.00654 1.00641 1.00637 1.00641 1.00653 1.00673 1.00699 1.00731 1.00769 1.0081 1.00854 1.009 1.00949 1.01 1.01054 1.01113 1.01177 1.0125 1.01331 1.01422 1.01522 1.01629 1.01744 1.01872 1.02003 1.02119 1.02236 1.02346 1.02454 1.02591 1.02761 1.03322 1.03976 1.0377 1.03278 1.03694 1.0416 1.05103 1.13239 1.25213 1.5608 1.24572 1.03409 1.16822 1.01223 1.04817 1.00014 1.00072 1.00002 1 1 1 1 1 1 1 1 1 1 1 1 1 1 1 1 1 1.20513 
1 1.19972 1 1 1 1 1 1 1 1 1 1 1 1 1 1 1.00001 1.00009 1.00059 1.00053 1.0126 1.0953 1.02016 1.35049 1.07097 1.18138 1.25024 1.10213 1.03617 1.03418 1.03134 1.02768 1.02508 1.02326 1.02172 1.02033 1.01904 1.01782 1.01669 1.01554 1.01443 1.01342 1.01248 1.0116 1.01079 1.01005 1.00939 1.00883 1.00837 1.00802 1.00777 1.00762 1.00756 1.00759 1.00771 1.00791 1.00819 1.00854 1.00895 1.0094 1.00989 1.0104 1.01094 1.0115 1.0121 1.01274 1.01345 1.01423 1.0151 1.01605 1.01707 1.0182 1.01948 1.02078 1.02208 1.0232 1.02433 1.02575 1.02777 1.03027 1.03473 1.04473 1.04156 1.03884 1.04012 1.04762 1.08009 1.16834 1.33732 1.03213 1.20755 1.08129 1.10624 1.01156 1.02534 1.00013 1.00046 1.00002 1 1 1 1 1 1 1 1 1 1 1 1 1 1 1 1 1 1 1.20513 
1 1.19972 1 1 1 1 1 1 1 1 1 1 1 1 1 1 1 1.00001 1.00006 1.00039 1.00378 1.01538 1.11004 1.03682 1.10188 1.1366 1.10853 1.23405 1.0915 1.03495 1.03416 1.0332 1.02848 1.02556 1.02392 1.02233 1.02088 1.01955 1.01836 1.01726 1.01613 1.01504 1.01405 1.01313 1.0123 1.01154 1.01085 1.01027 1.00979 1.00942 1.00915 1.00898 1.00891 1.00893 1.00905 1.00926 1.00955 1.00993 1.01037 1.01086 1.0114 1.01195 1.01253 1.01316 1.01379 1.01448 1.01524 1.01606 1.01694 1.01789 1.01894 1.0202 1.02148 1.02302 1.02426 1.02546 1.02791 1.0295 1.03128 1.03591 1.05284 1.05706 1.04647 1.05198 1.07982 1.14059 1.23353 1.34934 1.2223 1.15784 1.33375 1.02575 1.01135 1.01293 1.00055 1.00047 1.00003 1 1 1 1 1 1 1 1 1 1 1 1 1 1 1 1 1 1 1 1.20513 
1 1.19972 1 1 1 1 1 1 1 1 1 1 1 1 1 1 1 1 1 1.00002 1.00064 1.01064 1.00976 1.184 1.01952 1.19137 1.13965 1.13195 1.20023 1.0838 1.03178 1.033 1.03121 1.02793 1.02622 1.02466 1.02294 1.02146 1.02016 1.01899 1.01789 1.0168 1.01578 1.0148 1.01393 1.01316 1.01246 1.01185 1.01135 1.01096 1.01068 1.0105 1.01041 1.01044 1.01055 1.01076 1.01107 1.01147 1.01194 1.01248 1.01305 1.01365 1.01429 1.01494 1.01563 1.01639 1.01718 1.01803 1.01893 1.01999 1.02128 1.02258 1.02431 1.02584 1.02671 1.02895 1.03059 1.03347 1.05246 1.06613 1.08341 1.07196 1.08193 1.14223 1.1988 1.50227 1.13753 1.00778 1.27503 1.00404 1.02508 1.01158 1.00711 1.00262 1.00025 1.00004 1 1 1 1 1 1 1 1 1 1 1 1 1 1 1 1 1 1 1 1 1.20513 
1 1.19972 1 1 1 1 1 1 1 1 1 1 1 1 1 1 1 1 1 1 1.00011 1.00315 1.02387 1.01128 1.12442 1.02141 1.13498 1.14239 1.13458 1.16832 1.08201 1.05134 1.03643 1.02861 1.02756 1.02648 1.02501 1.02343 1.02211 1.0208 1.01963 1.01856 1.0176 1.01663 1.0157 1.01489 1.0142 1.01359 1.01307 1.01265 1.01236 1.01217 1.01208 1.01209 1.01221 1.01244 1.01277 1.01321 1.01371 1.01426 1.01484 1.01549 1.01613 1.0168 1.01756 1.01833 1.01911 1.02004 1.02115 1.02232 1.02351 1.02511 1.02694 1.02764 1.0294 1.03117 1.0346 1.07766 1.13523 1.19908 1.15731 1.17512 1.26231 1.57752 1.10336 1.09278 1.10603 1.25666 1.0062 1.03153 1.04639 1.00162 1.00062 1.00013 1.00002 1 1 1 1 1 1 1 1 1 1 1 1 1 1 1 1 1 1 1 1 1 1.20513 
1 1.19972 1 1 1 1 1 1 1 1 1 1 1 1 1 1 1 1 1 1 1.00002 1.00033 1.00023 1.04723 1.00807 1.17834 1.02316 1.19603 1.13308 1.19351 1.12797 1.12196 1.08404 1.05019 1.03059 1.02713 1.02643 1.0253 1.02412 1.02281 1.02161 1.02048 1.01944 1.01854 1.01765 1.0168 1.01608 1.01546 1.01494 1.01453 1.01418 1.01396 1.01387 1.01387 1.01401 1.0143 1.01466 1.01513 1.01564 1.01617 1.01677 1.01738 1.01803 1.01872 1.0194 1.02022 1.02123 1.02217 1.02314 1.02413 1.02526 1.02726 1.02785 1.02941 1.03588 1.05584 1.10606 1.18574 1.09101 1.05979 1.26221 1.35815 1.00632 1.18723 1.08338 1.34409 1.02917 1.01497 1.02228 1.00599 1.00792 1.0001 1.00004 1.00001 1 1 1 1 1 1 1 1 1 1 1 1 1 1 1 1 1 1 1 1 1 1 1.20513 
1 1.19972 1 1 1 1 1 1 1 1 1 1 1 1 1 1 1 1 1 1 1 1.00003 1.00049 1.00015 1.03273 1.00905 1.12775 1.02536 1.12082 1.25257 1.0428 1.05016 1.09609 1.11449 1.06971 1.03816 1.03472 1.02768 1.02547 1.02457 1.02343 1.02243 1.02139 1.02044 1.01962 1.01881 1.01808 1.01743 1.01689 1.01648 1.01615 1.01594 1.01581 1.01587 1.01602 1.01628 1.01665 1.01707 1.01759 1.01819 1.01881 1.01942 1.02011 1.02095 1.02172 1.02257 1.02349 1.02455 1.0255 1.02722 1.02982 1.03052 1.03047 1.03601 1.08219 1.15736 1.18385 1.06274 1.06353 1.22193 1.21383 1.01117 1.22074 1.33761 1.02736 1.03775 1.04818 1.04762 1.00375 1.0004 1.00053 1.00001 1 1 1 1 1 1 1 1 1 1 1 1 1 1 1 1 1 1 1 1 1 1 1 1 1.20513 
1 1.19972 1 1 1 1 1 1 1 1 1 1 1 1 1 1 1 1 1 1 1 1 1.00005 1.00094 1.00001 1.03864 1.01017 1.13294 1.02989 1.10474 1.30178 1.09517 1.01105 1.03794 1.10416 1.07923 1.05009 1.03936 1.03171 1.02998 1.02779 1.0247 1.02329 1.02236 1.02145 1.02071 1.02002 1.01949 1.01902 1.0187 1.01845 1.01827 1.01819 1.01823 1.01828 1.01846 1.01884 1.01931 1.0199 1.02055 1.02119 1.02186 1.0227 1.02347 1.02423 1.02515 1.0257 1.02616 1.02752 1.03054 1.03373 1.04594 1.05339 1.08302 1.13847 1.04356 1.00829 1.03706 1.15171 1.10631 1.31851 1.10699 1.00848 1.04177 1.03834 1.08064 1.00135 1.00118 1.0002 1.00003 1.00004 1 1 1 1 1 1 1 1 1 1 1 1 1 1 1 1 1 1 1 1 1 1 1 1 1 1.20513 
1 1.19972 1 1 1 1 1 1 1 1 1 1 1 1 1 1 1 1 1 1 1 1 1 1.0001 1.00067 1 1.03132 1.01223 1.11444 1.03506 1.05112 1.27108 1.16553 1.03226 1.02283 1.06165 1.05901 1.04205 1.03785 1.03545 1.03357 1.02985 1.02677 1.0257 1.02452 1.0235 1.02268 1.02193 1.02138 1.02109 1.02079 1.02057 1.02061 1.02052 1.02069 1.02106 1.02164 1.02222 1.02233 1.02285 1.0237 1.02439 1.02489 1.02509 1.02592 1.02673 1.02863 1.03627 1.04492 1.04825 1.05965 1.09126 1.11444 1.11134 1.04113 1.02362 1.11305 1.1214 1.21512 1.11887 1.10928 1.00944 1.05037 1.07511 1.00139 1.00392 1.0009 1.00069 1.00002 1 1 1 1 1 1 1 1 1 1 1 1 1 1 1 1 1 1 1 1 1 1 1 1 1 1 1 1.20513 
1 1.19972 1 1 1 1 1 1 1 1 1 1 1 1 1 1 1 1 1 1 1 1 1 1.00001 1.00007 1.00075 1.00001 1.02788 1.01576 1.0934 1.03854 1.12343 1.22831 1.1456 1.069 1.04934 1.08548 1.06204 1.04392 1.02966 1.02902 1.03213 1.03048 1.02882 1.02753 1.02638 1.02533 1.02449 1.0237 1.02288 1.02256 1.02244 1.02237 1.02251 1.02305 1.02357 1.0243 1.02482 1.02541 1.02668 1.02811 1.0296 1.03119 1.03291 1.03418 1.03591 1.05126 1.06987 1.08352 1.08768 1.08726 1.04274 1.01197 1.01259 1.0348 1.14014 1.16483 1.42559 1.14375 1.01353 1.11432 1.0019 1.0006 1.00467 1.00115 1.00157 1.00008 1.00006 1 1 1 1 1 1 1 1 1 1 1 1 1 1 1 1 1 1 1 1 1 1 1 1 1 1 1 1 1.20513 
1 1.19972 1 1 1 1 1 1 1 1 1 1 1 1 1 1 1 1 1 1 1 1 1 1 1.00001 1.00008 1.0006 1.00012 1.02326 1.01295 1.08478 1.02659 1.2769 1.52383 1.24623 1.10412 1.07091 1.11665 1.1173 1.0755 1.03307 1.02902 1.02909 1.02863 1.02788 1.02719 1.02667 1.02613 1.02566 1.02539 1.02511 1.02488 1.02486 1.02507 1.02521 1.02561 1.02611 1.027 1.02948 1.03149 1.03281 1.03471 1.03645 1.04237 1.06055 1.07772 1.08673 1.05105 1.02358 1.01572 1.01408 1.02999 1.04608 1.0488 1.12358 1.24201 1.10643 1.07874 1.07149 1.04362 1.00257 1.00011 1.00113 1.00137 1.0001 1.00014 1.00001 1 1 1 1 1 1 1 1 1 1 1 1 1 1 1 1 1 1 1 1 1 1 1 1 1 1 1 1 1 1.20513 
1 1.19972 1 1 1 1 1 1 1 1 1 1 1 1 1 1 1 1 1 1 1 1 1 1 1 1 1.00004 1.00033 1.00107 1.00811 1.00999 1.05384 1.03064 1.10648 1.09842 1.49316 1.20714 1.04745 1.05426 1.15325 1.08877 1.05433 1.03495 1.03032 1.03008 1.03017 1.02974 1.02915 1.02864 1.02814 1.02761 1.0274 1.02735 1.02737 1.02769 1.0283 1.02879 1.02913 1.02875 1.02811 1.02699 1.02943 1.04267 1.05722 1.0656 1.05044 1.0194 1.02244 1.03781 1.04078 1.04209 1.03713 1.05025 1.11445 1.25621 1.08329 1.00911 1.13059 1.00407 1.00029 1.00196 1.00001 1.0001 1.00012 1.00001 1.00001 1 1 1 1 1 1 1 1 1 1 1 1 1 1 1 1 1 1 1 1 1 1 1 1 1 1 1 1 1 1 1.20513 
1 1.19972 1 1 1 1 1 1 1 1 1 1 1 1 1 1 1 1 1 1 1 1 1 1 1 1 1 1.00003 1.00018 1.00116 1.00243 1.00122 1.03515 1.17309 1.09035 1.10705 1.05677 1.4886 1.37817 1.37591 1.25044 1.15151 1.11362 1.07309 1.06538 1.0349 1.03007 1.0301 1.02962 1.02979 1.03126 1.03141 1.03115 1.03084 1.03066 1.03007 1.03003 1.03007 1.03034 1.03505 1.05512 1.08573 1.124 1.12241 1.03664 1.0246 1.04076 1.03455 1.03078 1.05532 1.06064 1.12232 1.21972 1.40376 1.15637 1.03119 1.06884 1.00289 1.00215 1.00038 1.00016 1 1.00001 1.00001 1 1 1 1 1 1 1 1 1 1 1 1 1 1 1 1 1 1 1 1 1 1 1 1 1 1 1 1 1 1 1 1 1.20513 
1 1.19972 1 1 1 1 1 1 1 1 1 1 1 1 1 1 1 1 1 1 1 1 1 1 1 1 1 1 1.00001 1.00007 1.00018 1.00125 1.00108 1.00726 1.0012 1.24108 1.0872 1.10029 1.18156 1.12103 1.1717 1.17978 1.59017 1.47511 1.22864 1.13216 1.07165 1.07396 1.07421 1.06593 1.03775 1.03367 1.03409 1.03299 1.03717 1.06452 1.0702 1.06795 1.06425 1.09829 1.13625 1.13724 1.02554 1.00571 1.03202 1.0395 1.05595 1.06795 1.13056 1.22336 1.42195 1.40768 1.03761 1.04347 1.06961 1.02332 1.00107 1.00628 1.00018 1.00004 1.00001 1 1 1 1 1 1 1 1 1 1 1 1 1 1 1 1 1 1 1 1 1 1 1 1 1 1 1 1 1 1 1 1 1 1 1 1.20513 
1 1.19972 1 1 1 1 1 1 1 1 1 1 1 1 1 1 1 1 1 1 1 1 1 1 1 1 1 1 1 1.00001 1.00001 1.00011 1.00041 1.01132 1.00796 1.01442 1.01308 1.23266 1.25553 1.04933 1.37811 1.03423 1.31322 1.19177 1.05891 1.5054 1.46282 1.46486 1.48073 1.22683 1.12221 1.06994 1.07519 1.07296 1.12693 1.21231 1.35595 1.29203 1.26351 1.2475 1.0585 1.03 1.10731 1.11978 1.07132 1.11154 1.22471 1.41665 1.40693 1.0362 1.08085 1.0302 1.06701 1.11684 1.00193 1.00113 1.00159 1.00074 1.00001 1 1 1 1 1 1 1 1 1 1 1 1 1 1 1 1 1 1 1 1 1 1 1 1 1 1 1 1 1 1 1 1 1 1 1 1 1 1.20513 
1 1.19972 1 1 1 1 1 1 1 1 1 1 1 1 1 1 1 1 1 1 1 1 1 1 1 1 1 1 1 1 1 1.00001 1.00003 1.00148 1.00099 1.02019 1.01911 1.0137 1.01689 1.00185 1.03962 1.09312 1.39436 1.30465 1.1384 1.08991 1.17534 1.18002 1.18662 1.03563 1.4704 1.45698 1.47031 1.45835 1.46214 1.0347 1.0006 1.014 1.02704 1.07151 1.29382 1.44771 1.40694 1.43615 1.41237 1.37198 1.0305 1.07308 1.02234 1.07927 1.14411 1.08131 1.00056 1.00386 1.00087 1.00033 1.00014 1.00005 1 1 1 1 1 1 1 1 1 1 1 1 1 1 1 1 1 1 1 1 1 1 1 1 1 1 1 1 1 1 1 1 1 1 1 1 1 1 1.20513 
1 1.19972 1 1 1 1 1 1 1 1 1 1 1 1 1 1 1 1 1 1 1 1 1 1 1 1 1 1 1 1 1 1 1 1.00009 1.00006 1.00351 1.00367 1.02695 1.0383 1.00181 1.08305 1.01823 1.07622 1.0919 1.01647 1.35319 1.28762 1.29788 1.30415 1.17588 1.05085 1.16699 1.16811 1.16578 1.04321 1.18016 1.30378 1.2891 1.27573 1.22255 1.01307 1.12331 1.0543 1.03246 1.04518 1.0156 1.08641 1.13433 1.08573 1.00041 1.00472 1.00444 1.00306 1.00335 1.00007 1.00002 1.00001 1 1 1 1 1 1 1 1 1 1 1 1 1 1 1 1 1 1 1 1 1 1 1 1 1 1 1 1 1 1 1 1 1 1 1 1 1 1 1 1.20513 
1 1.19972 1 1 1 1 1 1 1 1 1 1 1 1 1 1 1 1 1 1 1 1 1 1 1 1 1 1 1 1 1 1 1 1.00001 1 1.00018 1.00019 1.00523 1.00853 1.00018 1.00245 1.01779 1.14644 1.13405 1.08007 1.03782 1.0726 1.07915 1.09587 1.0077 1.30002 1.27188 1.27472 1.26978 1.28814 1.00848 1.09117 1.06614 1.05755 1.00501 1.14117 1.16947 1.07937 1.06173 1.12653 1.0755 1.00007 1.00391 1.00319 1.00491 1.00778 1.00153 1.00031 1.00034 1.00001 1 1 1 1 1 1 1 1 1 1 1 1 1 1 1 1 1 1 1 1 1 1 1 1 1 1 1 1 1 1 1 1 1 1 1 1 1 1 1 1 1 1.20513 
1 1.19972 1 1 1 1 1 1 1 1 1 1 1 1 1 1 1 1 1 1 1 1 1 1 1 1 1 1 1 1 1 1 1 1 1 1.00001 1.00001 1.00025 1.00038 1.00001 1.00184 1.00062 1.00421 1.00592 1.00233 1.12116 1.12709 1.12183 1.14386 1.09848 1.02029 1.05429 1.05168 1.05283 1.01725 1.09742 1.13357 1.12474 1.11892 1.06902 1.00153 1.00977 1.0065 1.00746 1.00246 1.00302 1.00457 1.00674 1.00163 1.00054 1.0009 1.00014 1.00002 1.00002 1 1 1 1 1 1 1 1 1 1 1 1 1 1 1 1 1 1 1 1 1 1 1 1 1 1 1 1 1 1 1 1 1 1 1 1 1 1 1 1 1 1 1.20513 
1 1.19972 1 1 1 1 1 1 1 1 1 1 1 1 1 1 1 1 1 1 1 1 1 1 1 1 1 1 1 1 1 1 1 1 1 1 1 1.00002 1.00003 1 1.00017 1.00023 1.00414 1.01272 1.00717 1.00278 1.00351 1.00414 1.00655 1.00021 1.09464 1.11572 1.11613 1.11409 1.08924 1.00006 1.00577 1.00293 1.00243 1.00148 1.01293 1.01558 1.00167 1.00092 1.00278 1.00144 1.0005 1.00075 1.00015 1.00003 1.00006 1.00001 1 1 1 1 1 1 1 1 1 1 1 1 1 1 1 1 1 1 1 1 1 1 1 1 1 1 1 1 1 1 1 1 1 1 1 1 1 1 1 1 1 1 1 1 1.20513 
1 1.19972 1 1 1 1 1 1 1 1 1 1 1 1 1 1 1 1 1 1 1 1 1 1 1 1 1 1 1 1 1 1 1 1 1 1 1 1 1 1 1.00001 1.00002 1.00042 1.00167 1.00087 1.00355 1.00825 1.01024 1.01612 1.00849 1.00216 1.00214 1.00203 1.00209 1.00213 1.00779 1.01271 1.00653 1.0047 1.0015 1.00184 1.00224 1.00015 1.00008 1.00026 1.00013 1.00003 1.00005 1.00001 1 1 1 1 1 1 1 1 1 1 1 1 1 1 1 1 1 1 1 1 1 1 1 1 1 1 1 1 1 1 1 1 1 1 1 1 1 1 1 1 1 1 1 1 1 1 1 1.20513 
1 1.19972 1 1 1 1 1 1 1 1 1 1 1 1 1 1 1 1 1 1 1 1 1 1 1 1 1 1 1 1 1 1 1 1 1 1 1 1 1 1 1 1 1.00003 1.0001 1.00005 1.00036 1.00095 1.00125 1.00227 1.00108 1.00222 1.00427 1.00388 1.00404 1.00202 1.00097 1.00166 1.00072 1.00048 1.00014 1.0001 1.00013 1.00001 1.00001 1.00002 1.00001 1 1 1 1 1 1 1 1 1 1 1 1 1 1 1 1 1 1 1 1 1 1 1 1 1 1 1 1 1 1 1 1 1 1 1 1 1 1 1 1 1 1 1 1 1 1 1 1 1 1 1.20513 
1 1.19972 1 1 1 1 1 1 1 1 1 1 1 1 1 1 1 1 1 1 1 1 1 1 1 1 1 1 1 1 1 1 1 1 1 1 1 1 1 1 1 1 1 1.00001 1 1.00002 1.00006 1.00008 1.00013 1.00006 1.00021 1.00043 1.00038 1.0004 1.00019 1.00006 1.0001 1.00004 1.00003 1.00001 1.00001 1.00001 1 1 1 1 1 1 1 1 1 1 1 1 1 1 1 1 1 1 1 1 1 1 1 1 1 1 1 1 1 1 1 1 1 1 1 1 1 1 1 1 1 1 1 1 1 1 1 1 1 1 1 1 1 1 1.20513 
1 1.19972 1 1 1 1 1 1 1 1 1 1 1 1 1 1 1 1 1 1 1 1 1 1 1 1 1 1 1 1 1 1 1 1 1 1 1 1 1 1 1 1 1 1 1 1 1 1.00001 1.00001 1 1.00001 1.00003 1.00003 1.00003 1.00001 1 1.00001 1 1 1 1 1 1 1 1 1 1 1 1 1 1 1 1 1 1 1 1 1 1 1 1 1 1 1 1 1 1 1 1 1 1 1 1 1 1 1 1 1 1 1 1 1 1 1 1 1 1 1 1 1 1 1 1 1 1 1 1.20513 
1 1.19972 1 1 1 1 1 1 1 1 1 1 1 1 1 1 1 1 1 1 1 1 1 1 1 1 1 1 1 1 1 1 1 1 1 1 1 1 1 1 1 1 1 1 1 1 1 1 1 1 1 1 1 1 1 1 1 1 1 1 1 1 1 1 1 1 1 1 1 1 1 1 1 1 1 1 1 1 1 1 1 1 1 1 1 1 1 1 1 1 1 1 1 1 1 1 1 1 1 1 1 1 1 1 1 1 1 1 1 1 1 1 1 1 1 1 1.20513 
1 1.19972 1 1 1 1 1 1 1 1 1 1 1 1 1 1 1 1 1 1 1 1 1 1 1 1 1 1 1 1 1 1 1 1 1 1 1 1 1 1 1 1 1 1 1 1 1 1 1 1 1 1 1 1 1 1 1 1 1 1 1 1 1 1 1 1 1 1 1 1 1 1 1 1 1 1 1 1 1 1 1 1 1 1 1 1 1 1 1 1 1 1 1 1 1 1 1 1 1 1 1 1 1 1 1 1 1 1 1 1 1 1 1 1 1 1 1.20513 
1 1.19972 1 1 1 1 1 1 1 1 1 1 1 1 1 1 1 1 1 1 1 1 1 1 1 1 1 1 1 1 1 1 1 1 1 1 1 1 1 1 1 1 1 1 1 1 1 1 1 1 1 1 1 1 1 1 1 1 1 1 1 1 1 1 1 1 1 1 1 1 1 1 1 1 1 1 1 1 1 1 1 1 1 1 1 1 1 1 1 1 1 1 1 1 1 1 1 1 1 1 1 1 1 1 1 1 1 1 1 1 1 1 1 1 1 1 1.20513 
1 1.19972 1 1 1 1 1 1 1 1 1 1 1 1 1 1 1 1 1 1 1 1 1 1 1 1 1 1 1 1 1 1 1 1 1 1 1 1 1 1 1 1 1 1 1 1 1 1 1 1 1 1 1 1 1 1 1 1 1 1 1 1 1 1 1 1 1 1 1 1 1 1 1 1 1 1 1 1 1 1 1 1 1 1 1 1 1 1 1 1 1 1 1 1 1 1 1 1 1 1 1 1 1 1 1 1 1 1 1 1 1 1 1 1 1 1 1.20513 
1 1.19972 1 1 1 1 1 1 1 1 1 1 1 1 1 1 1 1 1 1 1 1 1 1 1 1 1 1 1 1 1 1 1 1 1 1 1 1 1 1 1 1 1 1 1 1 1 1 1 1 1 1 1 1 1 1 1 1 1 1 1 1 1 1 1 1 1 1 1 1 1 1 1 1 1 1 1 1 1 1 1 1 1 1 1 1 1 1 1 1 1 1 1 1 1 1 1 1 1 1 1 1 1 1 1 1 1 1 1 1 1 1 1 1 1 1 1.20513 
1 1.19972 1 1 1 1 1 1 1 1 1 1 1 1 1 1 1 1 1 1 1 1 1 1 1 1 1 1 1 1 1 1 1 1 1 1 1 1 1 1 1 1 1 1 1 1 1 1 1 1 1 1 1 1 1 1 1 1 1 1 1 1 1 1 1 1 1 1 1 1 1 1 1 1 1 1 1 1 1 1 1 1 1 1 1 1 1 1 1 1 1 1 1 1 1 1 1 1 1 1 1 1 1 1 1 1 1 1 1 1 1 1 1 1 1 1 1.20513 
1 1.19972 1 1 1 1 1 1 1 1 1 1 1 1 1 1 1 1 1 1 1 1 1 1 1 1 1 1 1 1 1 1 1 1 1 1 1 1 1 1 1 1 1 1 1 1 1 1 1 1 1 1 1 1 1 1 1 1 1 1 1 1 1 1 1 1 1 1 1 1 1 1 1 1 1 1 1 1 1 1 1 1 1 1 1 1 1 1 1 1 1 1 1 1 1 1 1 1 1 1 1 1 1 1 1 1 1 1 1 1 1 1 1 1 1 1 1.20513 
1 1.19972 1 1 1 1 1 1 1 1 1 1 1 1 1 1 1 1 1 1 1 1 1 1 1 1 1 1 1 1 1 1 1 1 1 1 1 1 1 1 1 1 1 1 1 1 1 1 1 1 1 1 1 1 1 1 1 1 1 1 1 1 1 1 1 1 1 1 1 1 1 1 1 1 1 1 1 1 1 1 1 1 1 1 1 1 1 1 1 1 1 1 1 1 1 1 1 1 1 1 1 1 1 1 1 1 1 1 1 1 1 1 1 1 1 1 1.20513 
1 1.19972 1 1 1 1 1 1 1 1 1 1 1 1 1 1 1 1 1 1 1 1 1 1 1 1 1 1 1 1 1 1 1 1 1 1 1 1 1 1 1 1 1 1 1 1 1 1 1 1 1 1 1 1 1 1 1 1 1 1 1 1 1 1 1 1 1 1 1 1 1 1 1 1 1 1 1 1 1 1 1 1 1 1 1 1 1 1 1 1 1 1 1 1 1 1 1 1 1 1 1 1 1 1 1 1 1 1 1 1 1 1 1 1 1 1 1.20513 
1 1.19972 1 1 1 1 1 1 1 1 1 1 1 1 1 1 1 1 1 1 1 1 1 1 1 1 1 1 1 1 1 1 1 1 1 1 1 1 1 1 1 1 1 1 1 1 1 1 1 1 1 1 1 1 1 1 1 1 1 1 1 1 1 1 1 1 1 1 1 1 1 1 1 1 1 1 1 1 1 1 1 1 1 1 1 1 1 1 1 1 1 1 1 1 1 1 1 1 1 1 1 1 1 1 1 1 1 1 1 1 1 1 1 1 1 1 1.20513 
1 1.19972 1 1 1 1 1 1 1 1 1 1 1 1 1 1 1 1 1 1 1 1 1 1 1 1 1 1 1 1 1 1 1 1 1 1 1 1 1 1 1 1 1 1 1 1 1 1 1 1 1 1 1 1 1 1 1 1 1 1 1 1 1 1 1 1 1 1 1 1 1 1 1 1 1 1 1 1 1 1 1 1 1 1 1 1 1 1 1 1 1 1 1 1 1 1 1 1 1 1 1 1 1 1 1 1 1 1 1 1 1 1 1 1 1 1 1.20513 
1 1.19972 1 1 1 1 1 1 1 1 1 1 1 1 1 1 1 1 1 1 1 1 1 1 1 1 1 1 1 1 1 1 1 1 1 1 1 1 1 1 1 1 1 1 1 1 1 1 1 1 1 1 1 1 1 1 1 1 1 1 1 1 1 1 1 1 1 1 1 1 1 1 1 1 1 1 1 1 1 1 1 1 1 1 1 1 1 1 1 1 1 1 1 1 1 1 1 1 1 1 1 1 1 1 1 1 1 1 1 1 1 1 1 1 1 1 1.20513 
1 1.19972 1 1 1 1 1 1 1 1 1 1 1 1 1 1 1 1 1 1 1 1 1 1 1 1 1 1 1 1 1 1 1 1 1 1 1 1 1 1 1 1 1 1 1 1 1 1 1 1 1 1 1 1 1 1 1 1 1 1 1 1 1 1 1 1 1 1 1 1 1 1 1 1 1 1 1 1 1 1 1 1 1 1 1 1 1 1 1 1 1 1 1 1 1 1 1 1 1 1 1 1 1 1 1 1 1 1 1 1 1 1 1 1 1 1 1.20513 
1 1.19972 1 1 1 1 1 1 1 1 1 1 1 1 1 1 1 1 1 1 1 1 1 1 1 1 1 1 1 1 1 1 1 1 1 1 1 1 1 1 1 1 1 1 1 1 1 1 1 1 1 1 1 1 1 1 1 1 1 1 1 1 1 1 1 1 1 1 1 1 1 1 1 1 1 1 1 1 1 1 1 1 1 1 1 1 1 1 1 1 1 1 1 1 1 1 1 1 1 1 1 1 1 1 1 1 1 1 1 1 1 1 1 1 1 1 1.20513 
1 2.0236 1.20513 1.20513 1.20513 1.20513 1.20513 1.20513 1.20513 1.20513 1.20513 1.20513 1.20513 1.20513 1.20513 1.20513 1.20513 1.20513 1.20513 1.20513 1.20513 1.20513 1.20513 1.20513 1.20513 1.20513 1.20513 1.20513 1.20513 1.20513 1.20513 1.20513 1.20513 1.20513 1.20513 1.20513 1.20513 1.20513 1.20513 1.20513 1.20513 1.20513 1.20513 1.20513 1.20513 1.20513 1.20513 1.20513 1.20513 1.20513 1.20513 1.20513 1.20513 1.20513 1.20513 1.20513 1.20513 1.20513 1.20513 1.20513 1.20513 1.20513 1.20513 1.20513 1.20513 1.20513 1.20513 1.20513 1.20513 1.20513 1.20513 1.20513 1.20513 1.20513 1.20513 1.20513 1.20513 1.20513 1.20513 1.20513 1.20513 1.20513 1.20513 1.20513 1.20513 1.20513 1.20513 1.20513 1.20513 1.20513 1.20513 1.20513 1.20513 1.20513 1.20513 1.20513 1.20513 1.20513 1.20513 1.20513 1.20513 1.20513 1.20513 1.20513 1.20513 1.20513 1.20513 1.20513 1.20513 1.20513 1.20513 1.20513 1.20513 1.20513 1.20513 1.20513 2.03797 
