#No recentering correction has been made! Must use full expression for cumulants!
#i	j	<z^i zbar^j>_eps	<z^i zbar^j>_U	<z^i zbar^j>_Ubar	<z^i zbar^j>_C	<z^i zbar^j>_T	<z^i zbar^j>_s
0	0	(960.339,0)	(-5.38485e-09,-5.16465e-09)	(-5.38485e-09,5.16465e-09)	(-1.80264e-09,-1.94246e-09)	(-1.73115e-06,1.86542e-06)	(-0.5,0)	(881.927,0)
0	1	(-0.911914,0.43299)	(-1.21677,-9.17007e-09)	(2.19712e-08,5.05582e-09)	(-7.68277e-09,-3.76408e-09)	(-7.78994e-06,1.19656e-05)	(0.455957,-0.216495)	(-1.01986,0.45305)
0	2	(3.91141,-0.482008)	(2.21919,-1.0537)	(3.4895e-08,5.1082e-08)	(-0.740269,4.15639e-09)	(0.000107683,2.95772e-06)	(-1.95571,0.241004)	(3.814,-0.558448)
0	3	(-11.9063,2.05253)	(-14.2779,1.75948)	(7.79108e-07,2.69792e-07)	(2.02519,-0.961586)	(-6.41577e-05,0.000257741)	(5.95314,-1.02627)	(-11.6593,1.63902)
0	4	(31.2619,-9.15425)	(57.949,-9.98987)	(-1.05073e-05,8.6948e-06)	(-17.373,2.14089)	(-0.000126181,-0.000938154)	(-15.631,4.57713)	(31.3879,-7.3888)
0	5	(-44.0382,64.0063)	(-190.197,55.6933)	(1.31458e-05,-2.82538e-06)	(88.1385,-15.1943)	(-0.00533035,-0.00689811)	(22.0191,-32.0032)	(-49.9101,52.7396)
1	0	(-0.911914,-0.43299)	(2.19712e-08,-5.05582e-09)	(-1.21677,9.17007e-09)	(-8.11166e-09,-1.24598e-08)	(-7.37807e-06,3.6148e-06)	(0.455957,0.216495)	(-1.01986,-0.45305)
1	1	(10.4355,0)	(1.10959,0.52685)	(1.10959,-0.52685)	(-5.17431e-09,-1.15389e-08)	(-4.96909e-06,1.10812e-05)	(-5.21775,0)	(10.2254,0)
1	2	(-25.2358,6.46577)	(-23.5938,-1.76885e-07)	(-4.7593,0.586495)	(0.675062,0.320529)	(-4.89082e-05,0.000173261)	(12.6179,-3.23289)	(-25.4998,6.5293)
1	3	(105.705,-14.5836)	(87.1905,-21.2621)	(14.4873,-2.49746)	(-20.9832,-3.70459e-07)	(0.0318592,-0.000219842)	(-52.8525,7.29182)	(99.1178,-14.6698)
1	4	(-372.013,68.5085)	(-472.198,65.77)	(-38.0391,11.1387)	(104.092,-24.922)	(-0.0128807,0.0191547)	(186.007,-34.2543)	(-348.845,52.3437)
1	5	(1088.59,-387.433)	(2048.79,-379.825)	(53.5808,-77.8775)	(-696.764,97.3926)	(-0.0681788,-0.0384103)	(-544.296,193.717)	(1038.9,-299.237)
2	0	(3.91141,0.482008)	(3.4895e-08,-5.1082e-08)	(2.21919,1.0537)	(1.12131e-07,-3.07987e-09)	(-710.909,-3.99154e-06)	(-1.95571,-0.241004)	(3.814,0.558448)
2	1	(-25.2358,-6.46577)	(-4.7593,-0.586495)	(-23.5938,1.76885e-07)	(-5.0928e-08,-1.80416e-07)	(648.288,-307.816)	(12.6179,3.23289)	(-25.4998,-6.5293)
2	2	(213.446,0)	(58.127,14.1747)	(58.127,-14.1747)	(-2.8955,-0.356816)	(-2780.66,342.664)	(-106.723,0)	(203.552,0)
2	3	(-790.646,140.598)	(-677.013,-5.61439e-06)	(-236.099,32.885)	(52.0461,12.4611)	(8464.3,-1459.15)	(395.323,-70.2989)	(-753.279,136.905)
2	4	(3476.88,-503.992)	(3341.52,-563.006)	(819.518,-151.926)	(-782.878,-1.80726e-05)	(-22215,6507.84)	(-1738.44,251.996)	(3167.61,-459.857)
2	5	(-13500.5,2686.8)	(-17761.7,2592.21)	(-2367.92,860.381)	(4827.96,-795.984)	(31299.3,-45494.4)	(6750.23,-1343.4)	(-12290,1994.35)
3	0	(-11.9063,-2.05253)	(7.79108e-07,-2.69792e-07)	(-14.2779,-1.75948)	(-6.68073e-08,-2.68385e-07)	(1944.86,923.449)	(5.95314,1.02627)	(-11.6593,-1.63902)
3	1	(105.705,14.5836)	(14.4873,2.49746)	(87.1905,21.2621)	(3.3175e-05,2.28921e-07)	(-20151,0.000355766)	(-52.8525,-7.29182)	(99.1178,14.6698)
3	2	(-790.646,-140.598)	(-236.099,-32.885)	(-677.013,5.61439e-06)	(8.81387,1.51941)	(49982,-11966.8)	(395.323,70.2989)	(-753.279,-136.905)
3	3	(6096.11,0)	(2506.15,422.259)	(2506.15,-422.259)	(-209.029,-29.2178)	(-200739,28059)	(-3048.06,0)	(5679.38,0)
3	4	(-28212.4,3940.46)	(-23953.1,-0.000223802)	(-10657,1555.32)	(2896.79,477.605)	(693154,-128822)	(14106.2,-1970.23)	(-26018.9,3727.18)
3	5	(131834,-19629.2)	(136393,-18162.3)	(40499.4,-8174.62)	(-33604.6,-0.00079819)	(-1.99001e+06,729938)	(-65916.9,9814.58)	(118355,-16862.8)
4	0	(31.2619,9.15425)	(-1.05073e-05,-8.6948e-06)	(57.949,9.98987)	(-1.31392e-07,9.76899e-07)	(-16684,-2055.98)	(-15.631,-4.57713)	(31.3879,7.3888)
4	1	(-372.013,-68.5085)	(-38.0391,-11.1387)	(-472.198,-65.77)	(-1.34126e-05,-1.99457e-05)	(99963.9,23933.6)	(186.007,34.2543)	(-348.845,-52.3437)
4	2	(3476.88,503.992)	(819.518,151.926)	(3341.52,563.006)	(-23.1324,-6.7766)	(-751828,0.0173558)	(-1738.44,-251.996)	(3167.61,459.857)
4	3	(-28212.4,-3940.46)	(-10657,-1555.32)	(-23953.1,0.000223802)	(721.781,134.142)	(2.7819e+06,-458663)	(14106.2,1970.23)	(-26018.9,-3727.18)
4	4	(213347,0)	(109117,14531.7)	(109117,-14531.7)	(-12154.6,-1778.7)	(-1.16725e+07,1.70816e+06)	(-106674,0)	(196914,0)
4	5	(-1.12681e+06,133334)	(-970198,-0.0108888)	(-493754,73895.2)	(152044,19835.9)	(4.39661e+07,-8.92623e+06)	(563404,-66666.8)	(-1.02757e+06,123845)
5	0	(-44.0382,-64.0063)	(1.31458e-05,2.82538e-06)	(-190.197,-55.6933)	(-5.55049e-06,7.18299e-06)	(84642.9,14591.7)	(22.0191,32.0032)	(-49.9101,-52.7396)
5	1	(1088.59,387.433)	(53.5808,77.8775)	(2048.79,379.825)	(-7.09945e-05,3.99966e-05)	(-669130,-93530)	(-544.296,-193.717)	(1038.9,299.237)
5	2	(-13500.5,-2686.8)	(-2367.92,-860.381)	(-17761.7,-2592.21)	(32.5919,47.3732)	(4.63648e+06,764415)	(6750.23,1343.4)	(-12290,-1994.35)
5	3	(131834,19629.2)	(40499.4,8174.62)	(136393,18162.3)	(-2072.19,-760.084)	(-3.22718e+07,0.766533)	(-65916.9,-9814.58)	(118355,16862.8)
5	4	(-1.12681e+06,-133334)	(-493754,-73895.2)	(-970198,0.0108888)	(45781.9,9294.87)	(1.46013e+08,-1.90492e+07)	(563404,66666.8)	(-1.02757e+06,-123845)
5	5	(8.65918e+06,0)	(5.00621e+06,570705)	(5.00621e+06,-570705)	(-678485,-101775)	(-6.51576e+08,9.77389e+07)	(-4.32959e+06,0)	(8.21778e+06,0)
