#No recentering correction has been made! Must use full expression for cumulants!
#i	j	<z^i zbar^j>_eps	<z^i zbar^j>_U	<z^i zbar^j>_Ubar	<z^i zbar^j>_C	<z^i zbar^j>_T	<z^i zbar^j>_s
0	0	(1272.64,0)	(-7.61926e-09,2.26603e-08)	(-7.61926e-09,-2.26603e-08)	(-1.96902e-08,7.16353e-10)	(-2.50585e-05,-9.11657e-07)	(-0.5,0)	(947.638,0)
0	1	(0.0186434,0.181002)	(-1.33075,1.63185e-08)	(-1.8681e-07,1.85424e-08)	(-1.30619e-08,1.97597e-08)	(-1.26702e-05,-1.06212e-05)	(-0.0093217,-0.0905011)	(-0.0339252,0.205707)
0	2	(3.1312,-0.135198)	(-0.0496198,-0.481739)	(-4.95173e-07,-2.35301e-08)	(-0.885454,1.52623e-07)	(5.75914e-05,0.000181893)	(-1.5656,0.0675989)	(2.92349,-0.152286)
0	3	(4.86821,-2.01328)	(-12.5006,0.539745)	(-2.43084e-06,1.37004e-06)	(-0.0495243,-0.480807)	(-4.89856e-05,-1.04837e-05)	(-2.43411,1.00664)	(3.91674,-1.29833)
0	4	(17.4766,11.3174)	(-25.9136,10.7167)	(-1.20391e-05,4.59053e-06)	(-16.6352,0.71827)	(-0.00050694,-0.00025032)	(-8.73829,-5.65868)	(15.8266,7.96624)
0	5	(52.2743,-17.864)	(-116.288,-75.3032)	(-3.62267e-05,4.83044e-06)	(-43.1058,17.8266)	(0.00874471,0.00130762)	(-26.1371,8.93202)	(46.4838,-17.5266)
1	0	(0.0186434,-0.181002)	(-1.8681e-07,-1.85424e-08)	(-1.33075,-1.63185e-08)	(-9.95583e-09,8.34584e-09)	(-1.66231e-05,-2.5147e-05)	(-0.0093217,0.0905011)	(-0.0339252,-0.205707)
1	1	(7.75567,0)	(-0.0248101,0.24087)	(-0.0248101,-0.24087)	(-1.92924e-07,-2.03758e-08)	(-0.000245522,2.5931e-05)	(-3.87783,0)	(6.85254,0)
1	2	(0.988731,1.63555)	(-18.2851,4.80195e-07)	(-4.16686,0.179915)	(-0.0165083,0.160269)	(-0.000331059,-0.000256445)	(-0.494365,-0.817774)	(0.307495,1.61416)
1	3	(56.3513,0.280513)	(-3.81547,-5.24986)	(-6.4784,2.67918)	(-17.4657,2.71417e-06)	(0.0316264,0.00391666)	(-28.1757,-0.140257)	(46.3375,-0.371779)
1	4	(114.534,-35.5417)	(-255.684,-3.40485)	(-23.2575,-15.0606)	(-5.01899,-6.41863)	(-0.00792166,0.0131571)	(-57.2669,17.7708)	(80.9341,-22.8028)
1	5	(466.975,302.857)	(-647.357,189.039)	(-69.5661,23.7744)	(-400.767,-6.72372)	(-0.0258712,-0.0221456)	(-233.487,-151.428)	(369.312,189.848)
2	0	(3.1312,0.135198)	(-4.95173e-07,2.35301e-08)	(-0.0496198,0.481739)	(4.52536e-08,-1.42926e-07)	(-1126.86,-0.000194233)	(-1.5656,-0.0675989)	(2.92349,0.152286)
2	1	(0.988731,-1.63555)	(-4.16686,-0.179915)	(-18.2851,-4.80195e-07)	(-2.60136e-07,2.01507e-07)	(-21.009,-203.965)	(-0.494365,0.817774)	(0.307495,-1.61416)
2	2	(110.481,0)	(-2.54364,3.49992)	(-2.54364,-3.49992)	(-2.77253,-0.119712)	(-3528.43,152.35)	(-55.2407,0)	(87.4989,0)
2	3	(38.3736,21.1449)	(-348.096,1.36185e-05)	(-127.842,-1.70242)	(-2.50948,3.20933)	(-5485.8,2268.68)	(-19.1868,-10.5724)	(21.3671,17.9506)
2	4	(1250.43,63.0483)	(-177.547,-78.3885)	(-258.941,75.6173)	(-422.906,5.5557e-05)	(-19684.3,-12753)	(-625.216,-31.5241)	(937.02,30.6263)
2	5	(3071.74,-654.136)	(-6186.8,-383.718)	(-1037.25,-672.701)	(-280.613,-112.286)	(-58910.8,20135.6)	(-1535.87,327.068)	(2023.96,-438.531)
3	0	(4.86821,2.01328)	(-2.43084e-06,-1.37004e-06)	(-12.5006,-0.539745)	(-3.84915e-08,8.23781e-09)	(-63.0264,611.893)	(-2.43411,-1.00664)	(3.91674,1.29833)
3	1	(56.3513,-0.280513)	(-6.4784,-2.67918)	(-3.81547,5.24986)	(2.48511e-05,-3.0776e-06)	(-22227.5,-0.00345415)	(-28.1757,0.140257)	(46.3375,0.371779)
3	2	(38.3736,-21.1449)	(-127.842,1.70242)	(-348.096,-1.36185e-05)	(-4.31058,-1.78266)	(-3193.66,-4084.32)	(-19.1868,10.5724)	(21.3671,-17.9506)
3	3	(2150.1,0)	(-133.158,58.7938)	(-133.158,-58.7938)	(-120.23,2.01709)	(-153009,-2567.02)	(-1075.05,0)	(1568.82,0)
3	4	(1425.58,371.707)	(-8066.85,0.000394685)	(-3712.08,-230.23)	(-168.362,67.3775)	(-309470,88011.9)	(-712.792,-185.853)	(851.62,266.304)
3	5	(32260.1,2903.33)	(-7244.87,-1576.77)	(-9026.77,1691.58)	(-11630.8,0.00128667)	(-1.22737e+06,-797985)	(-16130,-1451.67)	(22711.6,1560.89)
4	0	(17.4766,-11.3174)	(-1.20391e-05,-4.59053e-06)	(-25.9136,-10.7167)	(-3.98338e-07,1.96694e-07)	(-21170.5,-914.097)	(-8.73829,5.65868)	(15.8266,-7.96624)
4	1	(114.534,35.5417)	(-23.2575,15.0606)	(-255.684,3.40485)	(-6.22461e-06,-1.03384e-05)	(-6387.35,8168.58)	(-57.2669,-17.7708)	(80.9341,22.8028)
4	2	(1250.43,-63.0483)	(-258.941,-75.6173)	(-177.547,78.3885)	(-15.4673,10.0209)	(-538205,-0.0707039)	(-625.216,31.5241)	(937.02,-30.6263)
4	3	(1425.58,-371.707)	(-3712.08,230.23)	(-8066.85,-0.000394685)	(-243.173,-69.1571)	(-214264,-85747.1)	(-712.792,185.853)	(851.62,-266.304)
4	4	(50994.2,0)	(-5794.94,1262.37)	(-5794.94,-1262.37)	(-4389.48,296.097)	(-5.58621e+06,-376824)	(-25497.1,0)	(35924.2,0)
4	5	(53307.3,8667.51)	(-214920,0.0124341)	(-113308,-11513.8)	(-8671.21,1733.82)	(-1.35181e+07,2.36881e+06)	(-26653.7,-4333.76)	(32172.5,5379.03)
5	0	(52.2743,17.864)	(-3.62267e-05,-4.83044e-06)	(-116.288,75.3032)	(6.87133e-06,-1.02749e-06)	(-54858,-22686.8)	(-26.1371,-8.93202)	(46.4838,17.5266)
5	1	(466.975,-302.857)	(-69.5661,-23.7744)	(-647.357,-189.039)	(-2.03288e-05,1.74014e-05)	(-510031,8556.85)	(-233.487,151.428)	(369.312,-189.848)
5	2	(3071.74,654.136)	(-1037.25,672.701)	(-6186.8,383.718)	(-46.2903,-15.822)	(-357119,142899)	(-1535.87,-327.068)	(2023.96,438.531)
5	3	(32260.1,-2903.33)	(-9026.77,-1691.58)	(-7244.87,1576.77)	(-964.429,627.033)	(-1.48017e+07,-1.63746)	(-16130,1451.67)	(22711.6,-1560.89)
5	4	(53307.3,-8667.51)	(-113308,11513.8)	(-214920,-0.0124341)	(-10622.1,-1861.34)	(-1.10353e+07,-2.20652e+06)	(-26653.7,4333.76)	(32172.5,-5379.03)
5	5	(1.43811e+06,0)	(-238891,35010.6)	(-238891,-35010.6)	(-158084,17004.5)	(-2.01184e+08,-2.16406e+07)	(-719054,0)	(1.21041e+06,0)
