4.80901 2.78822 2.02359 1.53014 1.53014 1.53014 1.53014 1.53014 1.53014 1.53014 1.53014 1.53014 1.53014 1.53014 1.53014 1.53014 1.53014 1.53014 1.53014 1.53014 1.53014 1.53014 1.53014 1.53014 1.53014 1.53014 1.53014 1.53014 1.53014 1.53014 1.53014 1.53014 1.53014 1.53014 1.53014 1.53014 1.53014 1.53014 1.53014 1.53014 1.53014 1.53014 1.53014 1.53014 1.53014 1.53014 1.53014 1.53014 1.53014 1.53014 1.53014 1.53014 1.53014 1.53014 1.53014 1.53014 1.53014 1.53014 1.53014 1.53014 1.53014 1.53014 1.53014 1.53014 1.53014 1.53014 1.53014 1.53014 1.53014 1.53014 1.53014 1.53014 1.53014 1.53014 1.53014 1.53014 1.53014 1.53014 1.53014 1.53014 1.53014 1.53014 1.53014 1.53014 1.53014 1.53014 1.53014 1.53014 1.53014 1.53014 1.53014 1.53014 1.53014 1.53014 1.53014 1.53014 1.53014 1.53014 1.53014 1.53014 1.53014 1.53014 1.53014 1.53014 1.53014 1.53014 1.53014 1.53014 1.53014 1.53014 1.53014 1.53014 1.53014 1.53014 1.53014 2.02362 2.78821 
2.7882 2.00948 1.61792 1.31121 1.19972 1.19972 1.19972 1.19972 1.19972 1.19972 1.19972 1.19972 1.19972 1.19972 1.19972 1.19972 1.19972 1.19972 1.19972 1.19972 1.19972 1.19972 1.19972 1.19972 1.19972 1.19972 1.19972 1.19972 1.19972 1.19972 1.19972 1.19972 1.19972 1.19972 1.19972 1.19972 1.19972 1.19972 1.19972 1.19972 1.19972 1.19972 1.19972 1.19972 1.19972 1.19972 1.19972 1.19972 1.19972 1.19972 1.19972 1.19972 1.19972 1.19972 1.19972 1.19972 1.19972 1.19972 1.19972 1.19972 1.19972 1.19972 1.19972 1.19972 1.19972 1.19972 1.19972 1.19972 1.19972 1.19972 1.19972 1.19972 1.19972 1.19972 1.19972 1.19972 1.19972 1.19972 1.19972 1.19972 1.19972 1.19972 1.19972 1.19972 1.19972 1.19972 1.19972 1.19972 1.19972 1.19972 1.19972 1.19972 1.19972 1.19972 1.19972 1.19972 1.19972 1.19972 1.19972 1.19972 1.19972 1.19972 1.19972 1.19972 1.19972 1.19972 1.19972 1.19972 1.19972 1.19972 1.19972 1.19972 1.19972 1.19972 1.31121 1.61793 2.00948 
2.0236 1.61793 1.38631 1.16278 1.06731 1.06731 1.06731 1.06731 1.06731 1.06731 1.06731 1.06731 1.06731 1.06731 1.06731 1.06731 1.06731 1.06731 1.06731 1.06731 1.06731 1.06731 1.06731 1.06731 1.06731 1.06731 1.06731 1.06731 1.06731 1.06731 1.06731 1.06731 1.06731 1.06731 1.06731 1.06731 1.06731 1.06731 1.06731 1.06731 1.06731 1.06731 1.06731 1.06731 1.06731 1.06731 1.06731 1.06731 1.06731 1.06731 1.06731 1.06731 1.06731 1.06731 1.06731 1.06731 1.06731 1.06731 1.06731 1.06731 1.06731 1.06731 1.06731 1.06731 1.06731 1.06731 1.06731 1.06731 1.06731 1.06731 1.06731 1.06731 1.06731 1.06731 1.06731 1.06731 1.06731 1.06731 1.06731 1.06731 1.06731 1.06731 1.06731 1.06731 1.06731 1.06731 1.06731 1.06731 1.06731 1.06731 1.06731 1.06731 1.06731 1.06731 1.06731 1.06731 1.06731 1.06731 1.06731 1.06731 1.06731 1.06731 1.06731 1.06731 1.06731 1.06731 1.06731 1.06731 1.06731 1.06731 1.06731 1.06731 1.06731 1.06731 1.16278 1.38631 1.61793 
1.53014 1.31121 1.16278 1.01522 1.00568 1.00568 1.00568 1.00568 1.00568 1.00568 1.00568 1.00568 1.00568 1.00568 1.00568 1.00568 1.00568 1.00568 1.00568 1.00568 1.00568 1.00568 1.00568 1.00568 1.00568 1.00568 1.00568 1.00568 1.00568 1.00568 1.00568 1.00568 1.00568 1.00568 1.00568 1.00568 1.00568 1.00568 1.00568 1.00568 1.00568 1.00568 1.00568 1.00568 1.00568 1.00568 1.00568 1.00568 1.00568 1.00568 1.00568 1.00568 1.00568 1.00568 1.00568 1.00568 1.00568 1.00568 1.00568 1.00568 1.00568 1.00568 1.00568 1.00568 1.00568 1.00568 1.00568 1.00568 1.00568 1.00568 1.00568 1.00568 1.00568 1.00568 1.00568 1.00568 1.00568 1.00568 1.00568 1.00568 1.00568 1.00568 1.00568 1.00568 1.00568 1.00568 1.00568 1.00568 1.00568 1.00568 1.00568 1.00568 1.00568 1.00568 1.00568 1.00568 1.00568 1.00568 1.00568 1.00568 1.00568 1.00568 1.00568 1.00568 1.00568 1.00568 1.00568 1.00568 1.00568 1.00568 1.00568 1.00568 1.00568 1.00568 1.01522 1.16278 1.31122 
1.53014 1.19972 1.06731 1.00568 1 1 1 1 1 1 1 1 1 1 1 1 1 1 1 1 1 1 1 1 1 1 1 1 1 1 1 1 1 1 1 1 1 1 1 1 1 1 1 1 1 1 1 1 1 1 1 1 1 1 1 1 1 1 1 1 1 1 1 1 1 1 1 1 1 1 1 1 1 1 1 1 1 1 1 1 1 1 1 1 1 1 1 1 1 1 1 1 1 1 1 1 1 1 1 1 1 1 1 1 1 1 1 1 1 1 1 1 1 1 1.00568 1.06731 1.19972 
1.53014 1.19972 1.06731 1.00568 1 1 1 1 1 1 1 1 1 1 1 1 1 1 1 1 1 1 1 1 1 1 1 1 1 1 1 1 1 1 1 1 1 1 1 1 1 1 1 1 1 1 1 1 1 1 1 1 1 1 1 1 1 1 1 1 1 1 1 1 1 1 1 1 1 1 1 1 1 1 1 1 1 1 1 1 1 1 1 1 1 1 1 1 1 1 1 1 1 1 1 1 1 1 1 1 1 1 1 1 1 1 1 1 1 1 1 1 1 1 1.00568 1.06731 1.19972 
1.53014 1.19972 1.06731 1.00568 1 1 1 1 1 1 1 1 1 1 1 1 1 1 1 1 1 1 1 1 1 1 1 1 1 1 1 1 1 1 1 1 1 1 1 1 1 1 1 1 1 1 1 1 1 1 1 1 1 1 1 1 1 1 1 1 1 1 1 1 1 1 1 1 1 1 1 1 1 1 1 1 1 1 1 1 1 1 1 1 1 1 1 1 1 1 1 1 1 1 1 1 1 1 1 1 1 1 1 1 1 1 1 1 1 1 1 1 1 1 1.00568 1.06731 1.19972 
1.53014 1.19972 1.06731 1.00568 1 1 1 1 1 1 1 1 1 1 1 1 1 1 1 1 1 1 1 1 1 1 1 1 1 1 1 1 1 1 1 1 1 1 1 1 1 1 1 1 1 1 1 1 1 1 1 1 1 1 1 1 1 1 1 1 1 1 1 1 1 1 1 1 1 1 1 1 1 1 1 1 1 1 1 1 1 1 1 1 1 1 1 1 1 1 1 1 1 1 1 1 1 1 1 1 1 1 1 1 1 1 1 1 1 1 1 1 1 1 1.00568 1.06731 1.19972 
1.53014 1.19972 1.06731 1.00568 1 1 1 1 1 1 1 1 1 1 1 1 1 1 1 1 1 1 1 1 1 1 1 1 1 1 1 1 1 1 1 1 1 1 1 1 1 1 1 1 1 1 1 1 1 1 1 1 1 1 1 1 1 1 1 1 1 1 1 1 1 1 1 1 1 1 1 1 1 1 1 1 1 1 1 1 1 1 1 1 1 1 1 1 1 1 1 1 1 1 1 1 1 1 1 1 1 1 1 1 1 1 1 1 1 1 1 1 1 1 1.00568 1.06731 1.19972 
1.53014 1.19972 1.06731 1.00568 1 1 1 1 1 1 1 1 1 1 1 1 1 1 1 1 1 1 1 1 1 1 1 1 1 1 1 1 1 1 1 1 1 1 1 1 1 1 1 1 1 1 1 1 1 1 1 1 1 1 1 1 1 1 1 1 1 1 1 1 1 1 1 1 1 1 1 1 1 1 1 1 1 1 1 1 1 1 1 1 1 1 1 1 1 1 1 1 1 1 1 1 1 1 1 1 1 1 1 1 1 1 1 1 1 1 1 1 1 1 1.00568 1.06731 1.19972 
1.53014 1.19972 1.06731 1.00568 1 1 1 1 1 1 1 1 1 1 1 1 1 1 1 1 1 1 1 1 1 1 1 1 1 1 1 1 1 1 1 1 1 1 1 1 1 1 1 1 1 1 1 1 1 1 1 1 1 1 1 1 1 1 1 1 1 1 1 1 1 1 1 1 1 1 1 1 1 1 1 1 1 1 1 1 1 1 1 1 1 1 1 1 1 1 1 1 1 1 1 1 1 1 1 1 1 1 1 1 1 1 1 1 1 1 1 1 1 1 1.00568 1.06731 1.19972 
1.53014 1.19972 1.06731 1.00568 1 1 1 1 1 1 1 1 1 1 1 1 1 1 1 1 1 1 1 1 1 1 1 1 1 1 1 1 1 1 1 1 1 1 1 1 1 1 1 1 1 1 1 1 1 1 1 1 1 1 1 1 1 1 1 1 1 1 1 1 1 1 1 1 1 1 1 1 1 1 1 1 1 1 1 1 1 1 1 1 1 1 1 1 1 1 1 1 1 1 1 1 1 1 1 1 1 1 1 1 1 1 1 1 1 1 1 1 1 1 1.00568 1.06731 1.19972 
1.53014 1.19972 1.06731 1.00568 1 1 1 1 1 1 1 1 1 1 1 1 1 1 1 1 1 1 1 1 1 1 1 1 1 1 1 1 1 1 1 1 1 1 1 1 1 1 1 1 1 1 1 1 1 1 1 1 1 1 1 1 1 1 1 1 1 1 1 1 1 1 1 1 1 1 1 1 1 1 1 1 1 1 1 1 1 1 1 1 1 1 1 1 1 1 1 1 1 1 1 1 1 1 1 1 1 1 1 1 1 1 1 1 1 1 1 1 1 1 1.00568 1.06731 1.19972 
1.53014 1.19972 1.06731 1.00568 1 1 1 1 1 1 1 1 1 1 1 1 1 1 1 1 1 1 1 1 1 1 1 1 1 1 1 1 1 1 1 1 1 1 1 1 1 1 1 1 1 1 1 1 1 1 1 1 1 1 1 1 1 1 1 1 1 1 1 1 1 1 1 1 1 1 1 1 1 1 1 1 1 1 1 1 1 1 1 1 1 1 1 1 1 1 1 1 1 1 1 1 1 1 1 1 1 1 1 1 1 1 1 1 1 1 1 1 1 1 1.00568 1.06731 1.19972 
1.53014 1.19972 1.06731 1.00568 1 1 1 1 1 1 1 1 1 1 1 1 1 1 1 1 1 1 1 1 1 1 1 1 1 1 1 1 1 1 1 1 1 1 1 1 1 1 1 1 1 1 1 1 1 1 1 1 1 1 1 1 1 1 1 1 1 1 1 1 1 1 1 1 1 1 1 1 1 1 1 1 1 1 1 1 1 1 1 1 1 1 1 1 1 1 1 1 1 1 1 1 1 1 1 1 1 1 1 1 1 1 1 1 1 1 1 1 1 1 1.00568 1.06731 1.19972 
1.53014 1.19972 1.06731 1.00568 1 1 1 1 1 1 1 1 1 1 1 1 1 1 1 1 1 1 1 1 1 1 1 1 1 1 1 1 1 1 1 1 1 1 1 1 1 1 1 1 1 1 1 1 1 1 1 1 1 1 1 1 1 1 1 1 1 1 1 1 1 1 1 1 1 1 1 1 1 1 1 1 1 1 1 1 1 1 1 1 1 1 1 1 1 1 1 1 1 1 1 1 1 1 1 1 1 1 1 1 1 1 1 1 1 1 1 1 1 1 1.00568 1.06731 1.19972 
1.53014 1.19972 1.06731 1.00568 1 1 1 1 1 1 1 1 1 1 1 1 1 1 1 1 1 1 1 1 1 1 1 1 1 1 1 1 1 1 1 1 1 1 1 1 1 1 1 1 1 1 1 1 1 1 1 1 1 1 1 1 1 1 1 1 1 1 1 1 1 1 1 1 1 1 1 1 1 1 1 1 1 1 1 1 1 1 1 1 1 1 1 1 1 1 1 1 1 1 1 1 1 1 1 1 1 1 1 1 1 1 1 1 1 1 1 1 1 1 1.00568 1.06731 1.19972 
1.53014 1.19972 1.06731 1.00568 1 1 1 1 1 1 1 1 1 1 1 1 1 1 1 1 1 1 1 1 1 1 1 1 1 1 1 1 1 1 1 1 1 1 1 1 1 1 1 1 1 1 1 1 1 1 1 1 1 1 1 1 1 1 1 1 1 1 1 1 1 1 1 1 1 1 1 1 1 1 1 1 1 1 1 1 1 1 1 1 1 1 1 1 1 1 1 1 1 1 1 1 1 1 1 1 1 1 1 1 1 1 1 1 1 1 1 1 1 1 1.00568 1.06731 1.19972 
1.53014 1.19972 1.06731 1.00568 1 1 1 1 1 1 1 1 1 1 1 1 1 1 1 1 1 1 1 1 1 1 1 1 1 1 1 1 1 1 1 1 1 1 1 1 1 1 1 1 1 1 1 1 1 1 1 1 1 1 1 1 1 1 1 1 1 1 1 1 1 1 1 1 1 1 1 1 1 1 1 1 1 1 1 1 1 1 1 1 1 1 1 1 1 1 1 1 1 1 1 1 1 1 1 1 1 1 1 1 1 1 1 1 1 1 1 1 1 1 1.00568 1.06731 1.19972 
1.53014 1.19972 1.06731 1.00568 1 1 1 1 1 1 1 1 1 1 1 1 1 1 1 1 1 1 1 1 1 1 1 1 1 1 1 1 1 1 1 1 1 1 1 1 1 1 1 1 1 1 1 1 1 1 1 1 1 1 1 1 1 1 1 1 1 1 1 1 1 1 1 1 1 1 1 1 1 1 1 1 1 1 1 1 1 1 1 1 1 1 1 1 1 1 1 1 1 1 1 1 1 1 1 1 1 1 1 1 1 1 1 1 1 1 1 1 1 1 1.00568 1.06731 1.19972 
1.53014 1.19972 1.06731 1.00568 1 1 1 1 1 1 1 1 1 1 1 1 1 1 1 1 1 1 1 1 1 1 1 1 1 1 1 1 1 1 1 1 1 1 1 1 1 1 1 1 1 1 1 1 1 1.00001 1.00001 1.00001 1 1 1 1 1 1 1 1 1 1.00001 1.00001 1 1 1 1 1 1 1 1 1 1 1 1 1 1 1 1 1 1 1 1 1 1 1 1 1 1 1 1 1 1 1 1 1 1 1 1 1 1 1 1 1 1 1 1 1 1 1 1 1 1 1 1.00568 1.06731 1.19972 
1.53014 1.19972 1.06731 1.00568 1 1 1 1 1 1 1 1 1 1 1 1 1 1 1 1 1 1 1 1 1 1 1 1 1 1 1 1 1 1 1 1 1 1 1 1 1 1 1 1 1.00001 1.00001 1.00002 1.00007 1.00006 1.00009 1.00018 1.00013 1.00007 1.00001 1.00002 1.00002 1.00002 1.00002 1.00002 1 1.00004 1.00022 1.00011 1.00004 1.00002 1.00001 1.00001 1 1 1 1 1 1 1 1 1 1 1 1 1 1 1 1 1 1 1 1 1 1 1 1 1 1 1 1 1 1 1 1 1 1 1 1 1 1 1 1 1 1 1 1 1 1 1 1.00568 1.06731 1.19972 
1.53014 1.19972 1.06731 1.00568 1 1 1 1 1 1 1 1 1 1 1 1 1 1 1 1 1 1 1 1 1 1 1 1 1 1 1 1 1 1 1 1 1 1 1 1 1 1 1.00001 1.00001 1.00007 1.00008 1.00027 1.00078 1.00091 1.00007 1.00096 1.00138 1.0008 1.00037 1.00072 1.00076 1.00113 1.00111 1.00079 1.00103 1.00089 1.00217 1.00026 1.00071 1.00025 1.00014 1.00009 1.00004 1 1 1 1 1 1 1 1 1 1 1 1 1 1 1 1 1 1 1 1 1 1 1 1 1 1 1 1 1 1 1 1 1 1 1 1 1 1 1 1 1 1 1 1 1 1 1.00568 1.06731 1.19972 
1.53014 1.19972 1.06731 1.00568 1 1 1 1 1 1 1 1 1 1 1 1 1 1 1 1 1 1 1 1 1 1 1 1 1 1 1 1 1 1 1 1 1 1 1 1 1 1 1.00017 1.00008 1.00084 1.00108 1.00008 1.0003 1.01109 1.0146 1.02246 1.00425 1.00596 1.0122 1.01247 1.01393 1.01495 1.01501 1.01351 1.0163 1.01055 1.0056 1.01485 1.00682 1.00358 1.00031 1.00168 1.00045 1.00004 1.00006 1 1.00001 1 1 1 1 1 1 1 1 1 1 1 1 1 1 1 1 1 1 1 1 1 1 1 1 1 1 1 1 1 1 1 1 1 1 1 1 1 1 1 1 1 1 1.00568 1.06731 1.19972 
1.53014 1.19972 1.06731 1.00568 1 1 1 1 1 1 1 1 1 1 1 1 1 1 1 1 1 1 1 1 1 1 1 1 1 1 1 1 1 1 1 1 1 1 1 1 1.00004 1.00004 1.00174 1.00027 1.00042 1.00936 1.02945 1.0585 1.04816 1.01933 1.04673 1.09808 1.07911 1.08275 1.09504 1.1014 1.10035 1.10095 1.09914 1.09103 1.09432 1.1094 1.02198 1.0077 1.01909 1.01959 1.0112 1.00015 1.00067 1.00067 1.00004 1.00016 1.00002 1.00001 1 1 1 1 1 1 1 1 1 1 1 1 1 1 1 1 1 1 1 1 1 1 1 1 1 1 1 1 1 1 1 1 1 1 1 1 1 1 1 1 1.00568 1.06731 1.19972 
1.53014 1.19972 1.06731 1.00568 1 1 1 1 1 1 1 1 1 1 1 1 1 1 1 1 1 1 1 1 1 1 1 1 1 1 1 1 1 1 1 1 1 1.00001 1.00001 1.00005 1.00051 1.00027 1.00019 1.01399 1.05767 1.08506 1.02718 1.05602 1.18308 1.23362 1.46041 1.58572 1.63313 1.69308 1.70552 1.71092 1.70559 1.69628 1.68964 1.64316 1.65108 1.59739 1.45023 1.19482 1.12976 1.02201 1.01028 1.04039 1.00798 1.00134 1.00054 1.00163 1.00021 1.00016 1.00002 1 1.00003 1.00001 1.00001 1 1 1 1 1 1 1 1 1 1 1 1 1 1 1 1 1 1 1 1 1 1 1 1 1 1 1 1 1 1 1 1 1 1 1 1.00568 1.06731 1.19972 
1.53014 1.19972 1.06731 1.00568 1 1 1 1 1 1 1 1 1 1 1 1 1 1 1 1 1 1 1 1 1 1 1 1 1 1 1 1 1 1 1 1 1 1.00009 1.00012 1.00054 1.00162 1.01094 1.08487 1.02856 1.06082 1.17976 1.29251 1.65175 1.71811 1.66608 1.63881 1.65918 1.64032 1.57806 1.57162 1.56539 1.55691 1.55078 1.54408 1.53293 1.6467 1.64658 1.56133 1.55655 1.61437 1.53209 1.21478 1.06554 1.04473 1.04533 1.00507 1.00042 1.00389 1.00166 1.00026 1.00007 1.00048 1.0001 1.00012 1.00002 1.00001 1 1 1 1 1 1 1 1 1 1 1 1 1 1 1 1 1 1 1 1 1 1 1 1 1 1 1 1 1 1 1 1 1 1.00568 1.06731 1.19972 
1.53014 1.19972 1.06731 1.00568 1 1 1 1 1 1 1 1 1 1 1 1 1 1 1 1 1 1 1 1 1 1 1 1 1 1 1 1 1 1 1.00002 1.00004 1 1.00054 1.00132 1.01052 1.05906 1.05405 1.06202 1.20875 1.63074 1.80113 1.64639 1.61017 1.58528 1.52261 1.45012 1.43757 1.44152 1.40797 1.39647 1.39163 1.38593 1.38239 1.3795 1.39665 1.44991 1.43855 1.44625 1.52104 1.59708 1.62859 1.61634 1.5621 1.38161 1.28478 1.17945 1.09041 1.03808 1.00387 1.00061 1.00092 1.00411 1.00023 1.00238 1.00024 1.00018 1.00004 1.00003 1 1 1 1 1 1 1 1 1 1 1 1 1 1 1 1 1 1 1 1 1 1 1 1 1 1 1 1 1 1 1 1.00568 1.06731 1.19972 
1.53014 1.19972 1.06731 1.00568 1 1 1 1 1 1 1 1 1 1 1 1 1 1 1 1 1 1 1 1 1 1 1 1 1 1 1 1 1 1 1.0002 1.00066 1.00008 1.0103 1.00228 1.02742 1.09643 1.23883 1.68201 1.78902 1.65163 1.58535 1.48326 1.42397 1.39051 1.36947 1.32542 1.31906 1.31262 1.29406 1.29203 1.28924 1.2877 1.28644 1.28744 1.29437 1.31551 1.32028 1.32785 1.38159 1.42229 1.49673 1.49056 1.51231 1.63408 1.60829 1.42342 1.35895 1.36546 1.25861 1.08029 1.02513 1.00552 1.01652 1.01496 1.00362 1.00026 1.00072 1.00041 1.00006 1.00007 1 1 1 1 1 1 1 1 1 1 1 1 1 1 1 1 1 1 1 1 1 1 1 1 1 1 1 1 1 1.00568 1.06731 1.19972 
1.53014 1.19972 1.06731 1.00568 1 1 1 1 1 1 1 1 1 1 1 1 1 1 1 1 1 1 1 1 1 1 1 1 1 1 1 1 1.00001 1 1.00024 1.00557 1.00714 1.00968 1.09389 1.44643 1.68013 1.75145 1.6191 1.5246 1.48006 1.41174 1.34426 1.30476 1.293 1.28148 1.24585 1.23627 1.22417 1.21983 1.21807 1.21584 1.21487 1.21445 1.21483 1.22102 1.22511 1.23623 1.25532 1.30045 1.32106 1.34137 1.35158 1.45015 1.45494 1.47588 1.48572 1.53248 1.49983 1.44627 1.38374 1.36344 1.22511 1.07385 1.01349 1.0314 1.02335 1.00632 1.00024 1.00068 1.00078 1.00002 1.00002 1 1 1 1 1 1 1 1 1 1 1 1 1 1 1 1 1 1 1 1 1 1 1 1 1 1 1 1.00568 1.06731 1.19972 
1.53014 1.19972 1.06731 1.00568 1 1 1 1 1 1 1 1 1 1 1 1 1 1 1 1 1 1 1 1 1 1 1 1 1 1 1.00001 1.00003 1.00013 1.00017 1.02428 1.00344 1.11028 1.40428 1.61783 1.66188 1.6641 1.55643 1.45512 1.3612 1.3249 1.30459 1.27507 1.23468 1.2156 1.19989 1.19462 1.19083 1.18796 1.18582 1.18487 1.1841 1.18366 1.18476 1.18593 1.18796 1.1934 1.19962 1.21058 1.21716 1.22939 1.25503 1.29055 1.31397 1.32481 1.36862 1.34792 1.3999 1.40736 1.33163 1.33007 1.41018 1.38388 1.45131 1.28397 1.13158 1.02383 1.00782 1.03194 1.00956 1.00018 1.00024 1.00024 1.00001 1.00003 1.00002 1 1 1 1 1 1 1 1 1 1 1 1 1 1 1 1 1 1 1 1 1 1 1 1 1.00568 1.06731 1.19972 
1.53014 1.19972 1.06731 1.00568 1 1 1 1 1 1 1 1 1 1 1 1 1 1 1 1 1 1 1 1 1 1 1 1 1 1.00005 1.0002 1.00032 1.00285 1.00895 1.01473 1.11904 1.62645 1.70556 1.60967 1.53262 1.45735 1.39689 1.32632 1.29122 1.25467 1.22014 1.19723 1.18842 1.18342 1.18074 1.17833 1.17609 1.17401 1.17249 1.17158 1.17172 1.17241 1.17407 1.17551 1.17708 1.17965 1.18274 1.18614 1.19114 1.19885 1.20524 1.21575 1.23921 1.26875 1.28188 1.2989 1.36787 1.34044 1.32457 1.3284 1.4324 1.39568 1.31084 1.32619 1.43604 1.25503 1.14574 1.00487 1.01666 1.05424 1.00696 1.00058 1.00012 1.00049 1.0002 1.00002 1.00002 1 1 1 1 1 1 1 1 1 1 1 1 1 1 1 1 1 1 1 1 1 1 1.00568 1.06731 1.19972 
1.53014 1.19972 1.06731 1.00568 1 1 1 1 1 1 1 1 1 1 1 1 1 1 1 1 1 1 1 1 1 1 1 1 1.00008 1.00057 1.00006 1.00855 1.00791 1.14043 1.40708 1.60675 1.57672 1.60253 1.47619 1.37972 1.32425 1.30884 1.25534 1.21968 1.19583 1.18463 1.17902 1.17539 1.17218 1.16876 1.16549 1.16275 1.16035 1.15881 1.15789 1.15754 1.15781 1.15873 1.16048 1.16274 1.16569 1.16895 1.17321 1.17777 1.18475 1.19484 1.20686 1.22265 1.23828 1.27338 1.32408 1.34929 1.39168 1.45798 1.53211 1.6005 1.65906 1.64916 1.4972 1.43397 1.33172 1.22594 1.32837 1.17483 1.03164 1.02361 1.03207 1.00136 1.00415 1.00052 1.00025 1.0002 1 1 1 1 1 1 1 1 1 1 1 1 1 1 1 1 1 1 1 1 1 1 1.00568 1.06731 1.19972 
1.53014 1.19972 1.06731 1.00568 1 1 1 1 1 1 1 1 1 1 1 1 1 1 1 1 1 1 1 1 1 1 1.00005 1.00006 1.00062 1.0009 1.01185 1.00458 1.11944 1.50477 1.59989 1.56426 1.46985 1.40318 1.3747 1.29691 1.24532 1.2229 1.1976 1.18397 1.17851 1.17352 1.16889 1.16403 1.15952 1.15567 1.15195 1.14927 1.14672 1.14505 1.14404 1.14368 1.14397 1.14488 1.14641 1.14867 1.15164 1.15569 1.16091 1.16553 1.17073 1.17756 1.18692 1.19941 1.21375 1.23247 1.26108 1.29322 1.32237 1.35154 1.38608 1.46774 1.51281 1.53643 1.61363 1.75492 1.80189 1.51169 1.47238 1.46156 1.51756 1.16805 1.05402 1.00666 1.0012 1.01964 1.00288 1.00039 1.00001 1.00005 1.00002 1 1 1 1 1 1 1 1 1 1 1 1 1 1 1 1 1 1 1 1.00568 1.06731 1.19972 
1.53014 1.19972 1.06731 1.00568 1 1 1 1 1 1 1 1 1 1 1 1 1 1 1 1 1 1 1 1.00001 1.00001 1.00004 1.0006 1.00117 1.0001 1.02061 1.00888 1.08228 1.51814 1.58172 1.57 1.43077 1.3571 1.31296 1.27359 1.23226 1.20606 1.19066 1.17845 1.17362 1.1681 1.16209 1.1565 1.15138 1.14635 1.14236 1.13872 1.13571 1.1331 1.13151 1.13057 1.13026 1.13059 1.13163 1.1334 1.13577 1.13895 1.14248 1.14672 1.15185 1.15648 1.16318 1.17011 1.17879 1.19019 1.20673 1.22604 1.24799 1.26621 1.28403 1.30556 1.34959 1.35204 1.37272 1.44332 1.52824 1.58866 1.66462 1.81596 1.58499 1.49728 1.508 1.57606 1.38127 1.14408 1.01768 1.01071 1.0204 1.00015 1.00076 1.00024 1 1 1 1 1 1 1 1 1 1 1 1 1 1 1 1 1 1 1 1.00568 1.06731 1.19972 
1.53014 1.19972 1.06731 1.00568 1 1 1 1 1 1 1 1 1 1 1 1 1 1 1 1 1 1.00001 1 1.0001 1.00016 1.00054 1.00011 1.0116 1.02969 1.00505 1.11642 1.52819 1.58613 1.43604 1.39782 1.37602 1.30374 1.25588 1.22305 1.20159 1.18754 1.1778 1.17101 1.16364 1.15691 1.15055 1.14416 1.13859 1.13401 1.12958 1.12545 1.12227 1.11989 1.11823 1.1172 1.11684 1.1172 1.11825 1.11998 1.12218 1.12516 1.12871 1.13199 1.13626 1.14133 1.14742 1.15205 1.15856 1.1665 1.17814 1.18996 1.20306 1.21605 1.22677 1.23608 1.26499 1.27205 1.27885 1.32614 1.36652 1.43533 1.45961 1.55346 1.67233 1.59945 1.48023 1.4699 1.62281 1.60133 1.45087 1.15143 1.01701 1.01413 1.00606 1.0003 1.00002 1.00001 1 1 1 1 1 1 1 1 1 1 1 1 1 1 1 1 1 1.00568 1.06731 1.19972 
1.53014 1.19972 1.06731 1.00568 1 1 1 1 1 1 1 1 1 1 1 1 1 1 1 1 1.00004 1.00011 1.00002 1.00067 1.00212 1.00718 1.04828 1.01381 1.02405 1.19759 1.48661 1.52471 1.41589 1.43669 1.36635 1.29533 1.24987 1.22246 1.20176 1.18575 1.17608 1.16769 1.15964 1.15153 1.1443 1.13819 1.13198 1.12619 1.12132 1.11693 1.11334 1.11042 1.10814 1.10649 1.10551 1.10522 1.10563 1.10668 1.10847 1.11068 1.11352 1.1169 1.12043 1.12336 1.1262 1.12894 1.13253 1.13796 1.14403 1.15063 1.15782 1.16567 1.17172 1.17792 1.18309 1.1901 1.20608 1.22135 1.26017 1.27793 1.30546 1.31904 1.41533 1.44626 1.53394 1.54511 1.42465 1.46274 1.48516 1.54919 1.59955 1.42088 1.10936 1.00597 1.02633 1.00024 1.00006 1.00004 1.00001 1 1 1 1 1 1 1 1 1 1 1 1 1 1 1 1.00568 1.06731 1.19972 
1.53014 1.19972 1.06731 1.00568 1 1 1 1 1 1 1 1 1 1 1 1 1 1 1 1 1.00047 1.00082 1.00061 1.01431 1.03037 1.02226 1.03443 1.21184 1.48011 1.46298 1.46903 1.47267 1.47595 1.34577 1.2962 1.25698 1.22769 1.20336 1.18845 1.17438 1.16484 1.1563 1.14759 1.13942 1.13222 1.12563 1.11937 1.11417 1.10952 1.10548 1.10204 1.09917 1.09693 1.09536 1.09446 1.0942 1.09465 1.09572 1.09748 1.09984 1.10256 1.10549 1.10857 1.11163 1.11445 1.11742 1.12074 1.12531 1.13139 1.13896 1.14627 1.15257 1.15838 1.16368 1.16857 1.17301 1.17758 1.18304 1.18939 1.20368 1.23347 1.26102 1.29278 1.32702 1.3818 1.41017 1.4747 1.46427 1.36284 1.45455 1.50561 1.5959 1.60208 1.14143 1.014 1.01024 1.00164 1.00054 1.00013 1.00001 1 1 1 1 1 1 1 1 1 1 1 1 1 1 1.00568 1.06731 1.19972 
1.53014 1.19972 1.06731 1.00568 1 1 1 1 1 1 1 1 1 1 1 1 1 1 1.00001 1.00006 1.00031 1.01273 1.01067 1.01613 1.09976 1.2017 1.56038 1.59739 1.57376 1.56024 1.53663 1.39175 1.35862 1.30874 1.24943 1.23092 1.20421 1.18649 1.17308 1.1619 1.15229 1.1436 1.13557 1.12754 1.12039 1.11393 1.1083 1.10325 1.0987 1.09475 1.09136 1.08858 1.0864 1.08486 1.08399 1.08379 1.08427 1.08541 1.08713 1.08939 1.09208 1.09504 1.09806 1.10094 1.10364 1.10645 1.10999 1.11483 1.12075 1.12723 1.13412 1.14036 1.14553 1.15021 1.15472 1.15916 1.1636 1.16819 1.17316 1.17818 1.18582 1.19997 1.22981 1.27544 1.26995 1.30113 1.35233 1.39428 1.40417 1.35279 1.38481 1.49749 1.48322 1.59041 1.39454 1.11199 1.00468 1.00938 1.00007 1.00013 1.00001 1 1 1 1 1 1 1 1 1 1 1 1 1 1.00568 1.06731 1.19972 
1.53014 1.19972 1.06731 1.00568 1 1 1 1 1 1 1 1 1 1 1 1 1.00001 1.00007 1.00014 1.00017 1.03682 1.00596 1.12721 1.44689 1.6042 1.56911 1.50372 1.49056 1.57477 1.44606 1.38967 1.35039 1.28263 1.2545 1.22958 1.20528 1.18208 1.16864 1.15725 1.14772 1.13879 1.13071 1.1229 1.11574 1.10933 1.10343 1.09797 1.093 1.08858 1.08469 1.08136 1.07864 1.07654 1.07509 1.07428 1.07415 1.07468 1.07585 1.07762 1.07993 1.08264 1.08559 1.08853 1.09128 1.09385 1.09658 1.10004 1.10469 1.11042 1.11654 1.12251 1.12798 1.13255 1.13684 1.14097 1.1452 1.1495 1.1541 1.15918 1.16463 1.16997 1.17549 1.1832 1.20665 1.22745 1.25418 1.27498 1.31268 1.31754 1.34164 1.343 1.32588 1.39909 1.49241 1.57639 1.50442 1.10222 1.00031 1.00929 1.00058 1.00004 1 1 1 1 1 1 1 1 1 1 1 1 1 1.00568 1.06731 1.19972 
1.53014 1.19972 1.06731 1.00568 1 1 1 1 1 1 1 1 1 1 1 1.00002 1.00017 1.00021 1.0043 1.01659 1.02074 1.17746 1.61499 1.67659 1.55961 1.46007 1.43994 1.40794 1.38749 1.35844 1.30433 1.27102 1.24791 1.21817 1.19171 1.17436 1.16433 1.15327 1.14352 1.13535 1.12761 1.11993 1.11254 1.10588 1.09961 1.09379 1.08843 1.08353 1.07915 1.07532 1.07208 1.06944 1.06741 1.06602 1.06528 1.0652 1.06577 1.06699 1.06881 1.07115 1.07385 1.07672 1.07954 1.08215 1.08461 1.08731 1.09076 1.09525 1.1005 1.1059 1.11092 1.11547 1.11958 1.12347 1.12735 1.13133 1.13561 1.14029 1.14523 1.15062 1.15632 1.16225 1.16787 1.17487 1.18891 1.21239 1.24333 1.2494 1.25984 1.28383 1.30035 1.27861 1.31814 1.38103 1.50946 1.57063 1.51012 1.1016 1.00479 1.00154 1.00005 1.00001 1 1 1 1 1 1 1 1 1 1 1 1 1.00568 1.06731 1.19972 
1.53014 1.19972 1.06731 1.00568 1 1 1 1 1 1 1 1 1 1 1.00003 1.00032 1.00008 1.0138 1.00777 1.13805 1.45634 1.60945 1.50155 1.49141 1.45088 1.38246 1.34488 1.3347 1.29047 1.25241 1.25327 1.22044 1.1947 1.18236 1.17017 1.15926 1.14976 1.14056 1.13267 1.12504 1.1174 1.10993 1.1031 1.09661 1.09047 1.08477 1.07948 1.07466 1.0704 1.06667 1.06351 1.06094 1.05897 1.05763 1.05694 1.05691 1.05754 1.0588 1.06065 1.06299 1.06566 1.06845 1.07113 1.07357 1.07588 1.07849 1.08185 1.08607 1.0908 1.09546 1.09966 1.10336 1.10679 1.11022 1.11386 1.1177 1.12195 1.12663 1.13167 1.137 1.1427 1.14866 1.15472 1.16076 1.16666 1.17421 1.19281 1.21473 1.23136 1.24404 1.25922 1.26287 1.26951 1.32464 1.36718 1.42677 1.56905 1.50593 1.10931 1.01067 1.00027 1.00002 1 1 1 1 1 1 1 1 1 1 1 1 1.00568 1.06731 1.19972 
1.53014 1.19972 1.06731 1.00568 1 1 1 1 1 1 1 1 1 1.00002 1.00022 1.00018 1.01093 1.00424 1.13483 1.57725 1.6103 1.50419 1.38931 1.32202 1.35982 1.3144 1.27401 1.24658 1.22858 1.21512 1.20178 1.18292 1.17426 1.16639 1.15589 1.14676 1.13836 1.13058 1.12302 1.11526 1.10778 1.10085 1.09418 1.08785 1.08186 1.07627 1.07111 1.06645 1.0623 1.05867 1.0556 1.0531 1.0512 1.04992 1.04928 1.0493 1.04997 1.05126 1.05312 1.05544 1.05804 1.06071 1.06323 1.06549 1.06764 1.0701 1.07325 1.07706 1.08114 1.08501 1.08843 1.09148 1.09437 1.09737 1.10071 1.10445 1.10862 1.11328 1.11836 1.12375 1.12944 1.13544 1.14154 1.14767 1.15393 1.16007 1.16655 1.18425 1.20272 1.21756 1.23504 1.23807 1.22391 1.24092 1.28929 1.36503 1.51219 1.57273 1.39838 1.01342 1.02667 1.00029 1.00026 1.00002 1 1 1 1 1 1 1 1 1 1 1.00568 1.06731 1.19972 
1.53014 1.19972 1.06731 1.00568 1 1 1 1 1 1 1 1 1.00001 1.00008 1.00009 1.00636 1.00598 1.12816 1.56573 1.59939 1.52167 1.37946 1.31779 1.27704 1.25983 1.22044 1.21647 1.21305 1.19772 1.18552 1.17452 1.16671 1.16001 1.15156 1.14338 1.13592 1.1286 1.1211 1.11353 1.10601 1.09897 1.0922 1.08572 1.07953 1.0737 1.06828 1.06332 1.05881 1.0548 1.0513 1.04832 1.04591 1.04408 1.04286 1.04227 1.04233 1.04302 1.04432 1.04617 1.04844 1.05095 1.05348 1.05581 1.05786 1.05982 1.06208 1.0649 1.0682 1.07158 1.07468 1.07739 1.07984 1.08229 1.08497 1.08804 1.09166 1.09577 1.10036 1.10541 1.11087 1.11659 1.12254 1.12869 1.1349 1.14113 1.14752 1.15376 1.1605 1.17595 1.1974 1.20814 1.22063 1.2262 1.2039 1.24167 1.31992 1.37576 1.49602 1.58221 1.14847 1.0055 1.00664 1.00088 1.00005 1 1 1 1 1 1 1 1 1 1 1.00568 1.06731 1.19972 
1.53014 1.19972 1.06731 1.00568 1 1 1 1 1 1 1 1 1.00002 1.00027 1.00334 1.00283 1.08206 1.51396 1.62972 1.45343 1.37453 1.31864 1.25889 1.22811 1.20831 1.19959 1.19184 1.1811 1.17071 1.16454 1.15845 1.15228 1.14584 1.13869 1.13244 1.12578 1.11879 1.11167 1.10444 1.09735 1.09053 1.08391 1.07759 1.07158 1.06597 1.06078 1.05602 1.05171 1.04787 1.04452 1.04168 1.03936 1.03761 1.03645 1.0359 1.03597 1.03666 1.03795 1.03975 1.04194 1.04434 1.04671 1.04883 1.05066 1.05239 1.05436 1.05678 1.0595 1.06219 1.06458 1.06667 1.06863 1.07072 1.07313 1.076 1.07943 1.08346 1.08802 1.09305 1.09849 1.10425 1.11021 1.11634 1.12255 1.12875 1.13497 1.14138 1.1479 1.15535 1.17279 1.18745 1.20322 1.20874 1.20748 1.20112 1.25994 1.31077 1.39047 1.48894 1.5855 1.11296 1.01227 1.00008 1.00001 1 1 1 1 1 1 1 1 1 1 1.00568 1.06731 1.19972 
1.53014 1.19972 1.06731 1.00568 1 1 1 1 1 1 1 1.00001 1.00008 1.00114 1.00411 1.0922 1.41467 1.5717 1.45792 1.39049 1.3 1.2343 1.20563 1.19633 1.18877 1.18301 1.17063 1.16085 1.15579 1.14989 1.14415 1.13861 1.13271 1.12721 1.12152 1.11548 1.10911 1.10242 1.09562 1.0889 1.08228 1.07589 1.06976 1.064 1.05863 1.05369 1.04917 1.04511 1.04149 1.03832 1.03563 1.03343 1.03175 1.03064 1.03011 1.03018 1.03086 1.03209 1.03382 1.03591 1.03817 1.04035 1.04226 1.04385 1.04532 1.04696 1.04892 1.05106 1.05309 1.05487 1.05644 1.05801 1.05979 1.06197 1.06468 1.06797 1.07187 1.07636 1.08135 1.08676 1.0925 1.09848 1.10459 1.11079 1.11702 1.12325 1.12953 1.13602 1.14263 1.1533 1.17091 1.17954 1.19609 1.2064 1.19584 1.21978 1.25954 1.31663 1.48735 1.60457 1.4058 1.01513 1.01651 1.00041 1.00016 1.00001 1 1 1 1 1 1 1 1 1.00568 1.06731 1.19972 
1.53014 1.19972 1.06731 1.00568 1 1 1 1 1 1 1 1 1.00001 1.00356 1.06393 1.39002 1.51 1.4677 1.38658 1.30472 1.25076 1.19833 1.18898 1.18138 1.17298 1.16402 1.15341 1.14748 1.14201 1.1361 1.13108 1.12572 1.1207 1.11577 1.1106 1.1051 1.09926 1.0931 1.08685 1.08051 1.07422 1.0681 1.06223 1.05673 1.05164 1.04698 1.04276 1.03898 1.03562 1.03267 1.03015 1.02808 1.02649 1.02542 1.0249 1.02495 1.02557 1.02674 1.02837 1.03033 1.03242 1.0344 1.03609 1.03744 1.03864 1.03994 1.04145 1.04303 1.04448 1.04574 1.04689 1.04812 1.04966 1.05165 1.0542 1.05737 1.06115 1.06553 1.07045 1.07581 1.08151 1.08745 1.09353 1.09969 1.1059 1.11214 1.11844 1.1249 1.13151 1.13912 1.15413 1.16746 1.18197 1.19144 1.19412 1.19659 1.24122 1.31452 1.37901 1.49656 1.59374 1.13325 1.00794 1.00196 1.00019 1.00001 1 1 1 1 1 1 1 1 1.00568 1.06731 1.19972 
1.53014 1.19972 1.06731 1.00568 1 1 1 1 1 1.00001 1.00007 1.00069 1.00854 1.00489 1.29536 1.46147 1.53591 1.4212 1.33172 1.25126 1.20481 1.18775 1.17717 1.16639 1.15823 1.14863 1.14075 1.13484 1.12892 1.12361 1.11858 1.11369 1.10918 1.10465 1.09986 1.09484 1.0895 1.0839 1.07813 1.07223 1.06633 1.06055 1.055 1.0498 1.04501 1.04067 1.03677 1.03331 1.03024 1.02755 1.02523 1.0233 1.0218 1.02077 1.02025 1.02025 1.0208 1.02187 1.02337 1.02517 1.02708 1.02887 1.03034 1.03147 1.03241 1.03338 1.03446 1.03556 1.03653 1.03736 1.03817 1.03914 1.04046 1.04228 1.04468 1.04771 1.05138 1.05565 1.06047 1.06575 1.07137 1.07724 1.08327 1.08938 1.09554 1.10175 1.10805 1.11452 1.12128 1.12822 1.13813 1.15293 1.16304 1.17898 1.18973 1.18857 1.20379 1.26124 1.32453 1.45808 1.52793 1.42322 1.01417 1.01562 1.00048 1.00016 1.00001 1 1 1 1 1 1 1 1.00568 1.06731 1.19972 
1.53014 1.19972 1.06731 1.00568 1 1 1 1 1 1.00001 1.00012 1.00127 1.00062 1.0577 1.44079 1.4364 1.45389 1.40572 1.28539 1.22356 1.19213 1.17577 1.16544 1.15643 1.1456 1.13641 1.12958 1.12318 1.11735 1.11199 1.10702 1.10255 1.09829 1.094 1.08954 1.0849 1.07999 1.07489 1.06959 1.06415 1.05868 1.0533 1.04812 1.04326 1.0388 1.03479 1.03124 1.02812 1.02537 1.02296 1.02087 1.0191 1.0177 1.0167 1.01616 1.01611 1.01656 1.01749 1.01884 1.02047 1.0222 1.02379 1.02507 1.026 1.02671 1.02739 1.02811 1.0288 1.02938 1.02988 1.03041 1.03116 1.0323 1.03395 1.03621 1.0391 1.04264 1.04679 1.05149 1.05665 1.06218 1.06796 1.07391 1.07995 1.08604 1.09221 1.0985 1.10497 1.11175 1.11889 1.12692 1.1399 1.15192 1.16573 1.17802 1.18462 1.19096 1.22418 1.29464 1.33349 1.47876 1.55531 1.12151 1.00212 1.00277 1.0003 1.00002 1 1 1 1 1 1 1 1.00568 1.06731 1.19972 
1.53014 1.19972 1.06731 1.00568 1 1 1 1 1 1 1.00002 1.00073 1.03113 1.30577 1.40162 1.33451 1.3928 1.33663 1.26175 1.2201 1.17797 1.16589 1.15478 1.14426 1.13383 1.12597 1.11892 1.11234 1.10652 1.10116 1.09647 1.09215 1.08799 1.08387 1.07969 1.0754 1.07088 1.06619 1.06133 1.05637 1.05137 1.04643 1.04166 1.03717 1.03306 1.0294 1.0262 1.02342 1.02101 1.0189 1.01706 1.01547 1.01417 1.0132 1.01264 1.01251 1.01285 1.01364 1.01482 1.01627 1.0178 1.01921 1.02033 1.0211 1.02163 1.02207 1.0225 1.02287 1.02315 1.02338 1.0237 1.02426 1.02523 1.02672 1.02883 1.03158 1.03497 1.03899 1.04355 1.04859 1.054 1.05967 1.06552 1.07147 1.0775 1.0836 1.08987 1.09636 1.10318 1.11044 1.11814 1.12809 1.1412 1.15113 1.16655 1.17982 1.1862 1.20748 1.27163 1.3656 1.51885 1.57339 1.34894 1.00419 1.00414 1.00048 1.00003 1 1 1 1 1 1 1 1.00568 1.06731 1.19972 
1.53015 1.19972 1.06731 1.00568 1 1 1 1 1.00001 1.00011 1.00121 1.00064 1.16706 1.39837 1.38317 1.30069 1.36007 1.27611 1.22828 1.20833 1.16897 1.15638 1.14576 1.13412 1.1247 1.11667 1.10916 1.10254 1.09657 1.09134 1.08667 1.08239 1.07833 1.07439 1.07045 1.06642 1.06224 1.05794 1.05351 1.04899 1.04445 1.03997 1.03564 1.03156 1.02782 1.02452 1.02166 1.01923 1.01716 1.01537 1.01378 1.01238 1.0112 1.01028 1.00969 1.00948 1.00969 1.01032 1.01132 1.01259 1.01395 1.0152 1.01617 1.01682 1.01722 1.01748 1.01769 1.01782 1.01787 1.0179 1.01805 1.01845 1.01927 1.02061 1.02256 1.02516 1.0284 1.03226 1.03668 1.04157 1.04684 1.05239 1.05812 1.06398 1.06993 1.076 1.08224 1.08876 1.09564 1.103 1.1109 1.1197 1.13213 1.14394 1.15612 1.17017 1.18405 1.19644 1.24274 1.34934 1.42776 1.5824 1.4153 1.05388 1.00015 1.0008 1.00007 1 1 1 1 1 1 1 1.00568 1.06731 1.19972 
1.53014 1.19972 1.06731 1.00568 1 1 1 1 1.00002 1.00023 1.00051 1.02498 1.27435 1.38388 1.2939 1.40751 1.34849 1.273 1.22307 1.19161 1.16248 1.14972 1.13767 1.12618 1.11671 1.10821 1.10047 1.09363 1.08759 1.08229 1.07758 1.07331 1.06936 1.06556 1.06181 1.05803 1.05416 1.05019 1.04614 1.04203 1.03793 1.03391 1.03003 1.02639 1.02306 1.02013 1.01763 1.01554 1.0138 1.01231 1.011 1.00981 1.00876 1.00789 1.00729 1.007 1.00709 1.00756 1.00838 1.00946 1.01064 1.01175 1.01262 1.01318 1.01349 1.01363 1.01367 1.01362 1.01351 1.0134 1.01341 1.0137 1.0144 1.01561 1.01741 1.01985 1.02293 1.02662 1.03088 1.03561 1.04072 1.04612 1.05173 1.05748 1.06337 1.0694 1.07564 1.0822 1.08918 1.09667 1.10478 1.11348 1.12399 1.1368 1.14829 1.16163 1.17728 1.1961 1.24379 1.35119 1.47327 1.53169 1.44701 1.02015 1.00185 1.00005 1 1 1 1 1 1 1 1 1.00568 1.06731 1.19972 
1.53013 1.19972 1.06731 1.00568 1 1 1 1 1.00003 1.00033 1.00006 1.11325 1.31586 1.35763 1.28569 1.39107 1.3266 1.27165 1.22984 1.1776 1.1555 1.1433 1.13059 1.11949 1.10964 1.10068 1.09269 1.08563 1.07943 1.074 1.06923 1.06497 1.06106 1.05738 1.05382 1.05026 1.04665 1.04298 1.03925 1.03551 1.03182 1.02824 1.02481 1.02162 1.01873 1.01619 1.01405 1.0123 1.01088 1.0097 1.00865 1.00768 1.00678 1.00599 1.00539 1.00504 1.00502 1.00533 1.00598 1.00687 1.00789 1.00886 1.00964 1.01014 1.01038 1.01044 1.01037 1.0102 1.00998 1.00978 1.00972 1.00994 1.01055 1.01165 1.01333 1.01562 1.01854 1.02206 1.02614 1.03069 1.03563 1.04087 1.04633 1.05198 1.05779 1.06379 1.07006 1.07669 1.0838 1.09147 1.09979 1.10881 1.11876 1.1317 1.14415 1.15667 1.17044 1.19872 1.24798 1.32068 1.42221 1.45038 1.4309 1.03299 1.00537 1.00006 1 1 1 1 1 1 1 1 1.00568 1.06731 1.19972 
1.53013 1.19972 1.06731 1.00568 1 1 1 1 1.00004 1.00064 1.00994 1.17289 1.32153 1.29167 1.26132 1.36131 1.332 1.28629 1.22553 1.16568 1.15106 1.13818 1.1253 1.11402 1.10364 1.09426 1.08595 1.07858 1.07215 1.06656 1.06168 1.05739 1.05352 1.04995 1.04653 1.04315 1.03976 1.03634 1.0329 1.02949 1.02616 1.02298 1.01998 1.01724 1.01478 1.01265 1.01088 1.00946 1.00835 1.00745 1.00667 1.00593 1.0052 1.00451 1.00394 1.00355 1.00343 1.0036 1.00407 1.00478 1.00563 1.00647 1.00717 1.00762 1.00783 1.00783 1.00769 1.00746 1.00718 1.00695 1.00688 1.00707 1.00765 1.00869 1.01027 1.01244 1.0152 1.01856 1.02244 1.02681 1.03156 1.03662 1.04193 1.04745 1.05318 1.05917 1.06549 1.07223 1.0795 1.08739 1.09598 1.10533 1.11545 1.1277 1.14032 1.15323 1.16688 1.20186 1.24947 1.33856 1.45148 1.46324 1.44178 1.06904 1.0063 1.00042 1.00003 1 1 1 1 1 1 1 1.00568 1.06731 1.19972 
1.53014 1.19972 1.06731 1.00568 1 1 1 1 1.00005 1.00089 1.00856 1.22 1.30826 1.27928 1.24545 1.36555 1.3198 1.26972 1.21096 1.1616 1.14769 1.1343 1.12147 1.10962 1.09879 1.08899 1.08027 1.07256 1.06584 1.06004 1.05502 1.05066 1.04681 1.0433 1.03999 1.03677 1.03357 1.03036 1.02716 1.02403 1.02102 1.01819 1.01559 1.01326 1.01122 1.0095 1.00809 1.007 1.00618 1.00555 1.00501 1.00449 1.00394 1.00337 1.00285 1.00246 1.00226 1.0023 1.0026 1.00314 1.00382 1.00453 1.00514 1.00555 1.00573 1.00571 1.00554 1.00529 1.00501 1.00481 1.00477 1.005 1.0056 1.00663 1.00817 1.01024 1.01288 1.01607 1.01978 1.02394 1.02849 1.03336 1.0385 1.0439 1.04956 1.05555 1.06193 1.06881 1.07629 1.08444 1.09335 1.10306 1.11355 1.12602 1.13875 1.15197 1.16579 1.20551 1.25482 1.33499 1.4645 1.44821 1.45828 1.08009 1.00965 1.00031 1.00002 1 1 1 1 1 1 1 1.00568 1.06731 1.19972 
1.53015 1.19972 1.06731 1.00568 1 1 1 1.00001 1.00009 1.00087 1.05375 1.22458 1.28322 1.23271 1.20394 1.38122 1.32947 1.27078 1.21172 1.16031 1.1459 1.132 1.11882 1.10653 1.09522 1.08496 1.07577 1.06767 1.06062 1.05454 1.04934 1.04488 1.041 1.03752 1.0343 1.0312 1.02816 1.02513 1.02215 1.01925 1.01651 1.01398 1.01172 1.00975 1.0081 1.00675 1.0057 1.00491 1.00436 1.00396 1.00365 1.00333 1.00296 1.00253 1.00208 1.0017 1.00145 1.00138 1.00153 1.00188 1.0024 1.00297 1.00348 1.00385 1.00402 1.004 1.00384 1.00361 1.00339 1.00325 1.00331 1.00364 1.00431 1.00539 1.00693 1.00896 1.01151 1.01456 1.0181 1.02207 1.02641 1.03109 1.03606 1.04133 1.04694 1.05294 1.05941 1.06647 1.0742 1.08266 1.09193 1.10205 1.11293 1.1256 1.13855 1.15224 1.17018 1.22431 1.28146 1.37404 1.49111 1.46217 1.47212 1.09042 1.00892 1.00041 1.00003 1 1 1 1 1 1 1 1.00568 1.06731 1.19972 
1.53014 1.19972 1.06731 1.00568 1 1 1 1.00001 1.00009 1.0011 1.09176 1.22459 1.27604 1.23288 1.19565 1.3971 1.33719 1.27394 1.213 1.16017 1.14526 1.13097 1.11748 1.10479 1.09297 1.08223 1.07256 1.06401 1.05658 1.05018 1.04476 1.04015 1.03619 1.03271 1.02953 1.02653 1.02362 1.02075 1.01794 1.01524 1.01272 1.01045 1.00847 1.00683 1.00551 1.00449 1.00374 1.00322 1.00289 1.0027 1.00257 1.00243 1.00222 1.00193 1.00158 1.00123 1.00095 1.00079 1.00079 1.00098 1.00131 1.00173 1.00215 1.00247 1.00263 1.00264 1.00253 1.00237 1.00224 1.00223 1.00243 1.00289 1.00369 1.00487 1.00646 1.0085 1.011 1.01395 1.01734 1.02114 1.02529 1.02979 1.03461 1.03977 1.04534 1.05139 1.058 1.06527 1.0733 1.08211 1.09179 1.10232 1.11359 1.12647 1.13995 1.15491 1.18077 1.22986 1.28073 1.41219 1.53014 1.49447 1.45569 1.08378 1.00563 1.00097 1.00008 1.00001 1 1 1 1 1 1 1.00568 1.06731 1.19972 
1.53014 1.19972 1.06731 1.00568 1 1 1 1 1.00004 1.0005 1.11378 1.21961 1.28177 1.234 1.18613 1.41185 1.34542 1.28015 1.21361 1.16059 1.14583 1.1313 1.11747 1.10436 1.0921 1.08085 1.07068 1.06167 1.05381 1.04707 1.04137 1.03656 1.03247 1.02894 1.02578 1.02284 1.02003 1.01729 1.01462 1.01209 1.00975 1.00769 1.00595 1.00456 1.00351 1.00276 1.00226 1.00195 1.00181 1.00177 1.00179 1.00179 1.00173 1.00156 1.00132 1.00102 1.00073 1.0005 1.00038 1.0004 1.00056 1.00082 1.00112 1.00139 1.00156 1.00161 1.00158 1.00153 1.00154 1.0017 1.00207 1.00271 1.00368 1.00499 1.00668 1.00877 1.01126 1.01415 1.01743 1.02108 1.02508 1.02942 1.03412 1.03923 1.04481 1.05096 1.05776 1.0653 1.07367 1.08288 1.093 1.10393 1.11559 1.12874 1.14299 1.16012 1.1937 1.2303 1.29988 1.41646 1.4484 1.44444 1.4456 1.05805 1.00641 1.0005 1.00005 1 1 1 1 1 1 1 1.00568 1.06731 1.19972 
1.53014 1.19972 1.06731 1.00568 1 1 1 1 1 1 1.11546 1.20245 1.26481 1.19711 1.19242 1.41878 1.38339 1.31601 1.24035 1.16438 1.14751 1.13296 1.11877 1.10527 1.09261 1.08086 1.07021 1.06071 1.0524 1.04527 1.03924 1.03418 1.02993 1.0263 1.02311 1.02021 1.01746 1.01481 1.01226 1.00985 1.00767 1.00577 1.00422 1.00303 1.00218 1.00163 1.0013 1.00115 1.00113 1.0012 1.00131 1.00142 1.00147 1.00143 1.00128 1.00106 1.00078 1.00051 1.00028 1.00014 1.00013 1.00023 1.00042 1.00062 1.00079 1.0009 1.00098 1.00108 1.00126 1.00161 1.00218 1.00303 1.00419 1.00568 1.0075 1.00967 1.01219 1.01506 1.01827 1.02182 1.02571 1.02996 1.03461 1.03972 1.04539 1.05171 1.05878 1.06664 1.07541 1.08505 1.09561 1.10694 1.11897 1.1325 1.14825 1.16562 1.20787 1.24598 1.30885 1.4157 1.39876 1.44052 1.34156 1.02152 1.01098 1.00136 1.00008 1.00001 1 1 1 1 1 1 1.00568 1.06731 1.19972 
1.53014 1.19972 1.06731 1.00568 1 1 1 1 1.00001 1.00015 1.10843 1.1809 1.23662 1.19394 1.19823 1.39229 1.40902 1.31297 1.24561 1.17858 1.15031 1.13576 1.12131 1.10751 1.09443 1.08228 1.07116 1.06118 1.05242 1.04486 1.03846 1.0331 1.02863 1.02487 1.02161 1.01868 1.01596 1.01336 1.01089 1.00857 1.00649 1.00471 1.00329 1.00224 1.00153 1.00109 1.00087 1.0008 1.00085 1.00097 1.00114 1.00131 1.00145 1.00151 1.00148 1.00134 1.00111 1.00081 1.0005 1.00024 1.00006 1 1.00005 1.00018 1.00035 1.00053 1.00073 1.001 1.00138 1.00194 1.00274 1.00382 1.00518 1.00686 1.00883 1.01111 1.0137 1.01658 1.01977 1.02328 1.02712 1.03135 1.03603 1.04126 1.04711 1.0537 1.06111 1.06936 1.07858 1.08869 1.09965 1.11139 1.12374 1.13847 1.15428 1.17194 1.23249 1.29331 1.38148 1.45591 1.39681 1.51044 1.16016 1.01292 1.00442 1.0003 1.00002 1 1 1 1 1 1 1 1.00568 1.06731 1.19972 
1.53014 1.19972 1.06731 1.00568 1 1 1 1.00001 1.00011 1.00684 1.09028 1.18945 1.19975 1.22932 1.13956 1.33355 1.40785 1.32123 1.24314 1.19372 1.15527 1.1395 1.12503 1.11096 1.09759 1.08507 1.07353 1.06309 1.05387 1.04588 1.03908 1.03339 1.02866 1.0247 1.02132 1.01832 1.01557 1.01298 1.01053 1.00826 1.00624 1.00453 1.00319 1.0022 1.00155 1.00115 1.00096 1.0009 1.00095 1.00108 1.00126 1.00147 1.00168 1.00184 1.00191 1.00188 1.00172 1.00144 1.00109 1.00072 1.0004 1.00018 1.00009 1.00013 1.00028 1.00052 1.00085 1.00129 1.00189 1.00269 1.00372 1.00503 1.00662 1.00848 1.01062 1.01302 1.01569 1.01862 1.02184 1.02536 1.02925 1.03356 1.03839 1.04384 1.04999 1.05696 1.06478 1.07349 1.08319 1.09375 1.10512 1.11722 1.13017 1.1456 1.16107 1.18664 1.24625 1.29108 1.42314 1.57313 1.46557 1.48609 1.12217 1.02398 1.00393 1.00019 1.00001 1 1 1 1 1 1 1 1.00568 1.06731 1.19972 
1.53014 1.19972 1.06731 1.00568 1 1 1 1 1.00005 1.01235 1.07552 1.17053 1.19932 1.20869 1.14099 1.20908 1.41563 1.32254 1.25747 1.21279 1.15969 1.14442 1.12979 1.11558 1.10199 1.08917 1.07726 1.06643 1.05677 1.04834 1.04113 1.03508 1.03004 1.02584 1.02228 1.01916 1.01633 1.01369 1.01121 1.00893 1.00691 1.00522 1.00388 1.00289 1.00221 1.00178 1.00153 1.00141 1.00141 1.0015 1.00167 1.0019 1.00215 1.0024 1.0026 1.00269 1.00263 1.00241 1.00206 1.00162 1.00118 1.00082 1.00059 1.00053 1.00064 1.00092 1.00137 1.00198 1.00279 1.00383 1.00511 1.00666 1.00846 1.01052 1.01282 1.01535 1.01812 1.02113 1.02442 1.02803 1.03205 1.03656 1.04165 1.04744 1.05401 1.06144 1.06975 1.07895 1.08918 1.10015 1.11192 1.1245 1.13761 1.15347 1.17134 1.21741 1.2673 1.34405 1.44538 1.51874 1.47519 1.53214 1.05968 1.01705 1.00053 1.00006 1 1 1 1 1 1 1 1 1.00568 1.06731 1.19972 
1.53014 1.19972 1.06731 1.00568 1 1 1 1 1.00005 1.01494 1.06181 1.15747 1.2069 1.18241 1.16767 1.21082 1.46854 1.40745 1.32247 1.24589 1.16659 1.15002 1.13558 1.12126 1.10754 1.0945 1.0823 1.07112 1.06107 1.05223 1.04462 1.03819 1.03281 1.02833 1.02454 1.02123 1.01825 1.01549 1.01292 1.01058 1.00851 1.00676 1.00536 1.00429 1.0035 1.00294 1.00256 1.00233 1.00222 1.00224 1.00237 1.00259 1.00289 1.00323 1.00355 1.00378 1.00387 1.00376 1.00346 1.003 1.00248 1.002 1.00164 1.00147 1.00153 1.00182 1.00235 1.00312 1.00413 1.0054 1.00692 1.00869 1.01071 1.01295 1.01541 1.01808 1.02096 1.02407 1.02748 1.03126 1.03551 1.04032 1.0458 1.05204 1.05912 1.0671 1.07594 1.08566 1.09637 1.10778 1.11997 1.13276 1.14584 1.1621 1.18837 1.24676 1.27556 1.3722 1.53352 1.45808 1.46856 1.38541 1.0154 1.01572 1.00209 1.00014 1.00001 1 1 1 1 1 1 1 1.00568 1.06731 1.19972 
1.53014 1.19972 1.06731 1.00568 1 1 1 1 1.00002 1.00934 1.05064 1.12775 1.17681 1.18818 1.1669 1.19977 1.44212 1.43695 1.32275 1.2516 1.18403 1.15642 1.14222 1.12791 1.11413 1.10096 1.08857 1.07711 1.06673 1.05751 1.04952 1.0427 1.03697 1.03217 1.02809 1.02454 1.02135 1.01841 1.01569 1.01322 1.01103 1.00916 1.00762 1.00638 1.0054 1.00463 1.00405 1.00364 1.00338 1.00329 1.00336 1.00357 1.00391 1.00434 1.00479 1.00519 1.00546 1.00551 1.00532 1.0049 1.00435 1.00379 1.00333 1.00306 1.00305 1.00333 1.00391 1.0048 1.00598 1.00745 1.00918 1.01117 1.01339 1.01581 1.01842 1.02122 1.02422 1.02747 1.03105 1.03507 1.03963 1.04484 1.0508 1.05758 1.06524 1.07378 1.08318 1.09338 1.10457 1.11645 1.12878 1.14162 1.15465 1.17356 1.2195 1.2697 1.36355 1.44298 1.47658 1.4203 1.63121 1.0962 1.01139 1.00097 1.00006 1 1 1 1 1 1 1 1 1 1.00568 1.06731 1.19972 
1.53014 1.19972 1.06731 1.00568 1 1 1 1 1.00002 1.00288 1.04109 1.09557 1.17342 1.16373 1.21099 1.14315 1.39134 1.42907 1.33463 1.25543 1.2014 1.1644 1.1495 1.13542 1.12166 1.10845 1.09595 1.0843 1.07365 1.06412 1.05577 1.04859 1.0425 1.03735 1.03295 1.0291 1.02564 1.02247 1.01955 1.01689 1.01452 1.01246 1.0107 1.0092 1.00794 1.00689 1.00603 1.00538 1.00494 1.00471 1.00469 1.00488 1.00526 1.00578 1.00637 1.00696 1.00744 1.0077 1.00767 1.00737 1.00686 1.00627 1.00574 1.00539 1.00531 1.00556 1.00616 1.00713 1.00844 1.01007 1.01199 1.01416 1.01656 1.01914 1.02189 1.02482 1.02796 1.03138 1.03518 1.0395 1.04444 1.05013 1.05663 1.06399 1.07225 1.08136 1.09126 1.10193 1.11371 1.12581 1.1383 1.15117 1.1643 1.19332 1.25507 1.28639 1.38931 1.56423 1.45976 1.46764 1.41761 1.0219 1.0249 1.00123 1.00025 1.00002 1 1 1 1 1 1 1 1 1.00568 1.06731 1.19972 
1.53014 1.19972 1.06731 1.00568 1 1 1 1 1.00001 1.00008 1.02859 1.07575 1.15593 1.18033 1.19757 1.13182 1.23654 1.45334 1.38361 1.29742 1.24513 1.17361 1.15744 1.14366 1.13002 1.11685 1.10432 1.09256 1.08173 1.07195 1.0633 1.0558 1.04936 1.04385 1.03909 1.03491 1.03114 1.02769 1.02452 1.02162 1.01901 1.01668 1.01461 1.01278 1.01115 1.00975 1.00856 1.00763 1.00695 1.00655 1.00644 1.00661 1.00701 1.00762 1.00835 1.00913 1.00984 1.01035 1.01056 1.01044 1.01004 1.00949 1.00895 1.00855 1.00842 1.00864 1.00924 1.01025 1.01164 1.01338 1.01544 1.01777 1.02032 1.02304 1.02592 1.02898 1.03227 1.03589 1.03996 1.04462 1.05 1.05619 1.06325 1.07119 1.08004 1.08966 1.09997 1.11114 1.12322 1.13542 1.14828 1.16085 1.1769 1.22629 1.27795 1.38271 1.47525 1.48742 1.42298 1.65525 1.0848 1.01857 1.00075 1.00007 1.00001 1 1 1 1 1 1 1 1 1 1.00568 1.06731 1.19972 
1.53014 1.19972 1.06731 1.00568 1 1 1 1 1 1.00003 1.01153 1.05818 1.12278 1.18598 1.17326 1.18886 1.2135 1.48621 1.45264 1.33255 1.26616 1.19177 1.16579 1.15263 1.1391 1.12605 1.11359 1.1018 1.09086 1.08091 1.07201 1.06422 1.05745 1.0516 1.04649 1.04197 1.03787 1.03411 1.03064 1.02745 1.02453 1.02185 1.01938 1.01713 1.01509 1.01327 1.01172 1.01046 1.00952 1.00894 1.00871 1.00884 1.00926 1.00994 1.0108 1.01176 1.01271 1.01351 1.01401 1.01414 1.01394 1.0135 1.01301 1.01263 1.01248 1.01268 1.01328 1.01429 1.01572 1.01753 1.01969 1.02212 1.02478 1.02763 1.03063 1.03383 1.03728 1.04111 1.04548 1.05051 1.05634 1.06304 1.07063 1.07912 1.08844 1.09845 1.10908 1.12075 1.13288 1.14535 1.15817 1.17067 1.2043 1.26941 1.30987 1.41566 1.61287 1.46745 1.49424 1.42385 1.02506 1.02289 1.00092 1.00021 1.00002 1 1 1 1 1 1 1 1 1 1.00568 1.06731 1.19972 
1.53015 1.19972 1.06731 1.00568 1 1 1 1 1 1.00002 1.0035 1.04192 1.09299 1.1702 1.16725 1.20923 1.15159 1.44194 1.47142 1.39703 1.29146 1.2312 1.17707 1.16159 1.14888 1.13594 1.12362 1.11189 1.1009 1.09087 1.0818 1.07376 1.06671 1.06054 1.0551 1.05023 1.0458 1.04171 1.03791 1.03436 1.03104 1.02792 1.02499 1.02226 1.01975 1.0175 1.01555 1.01395 1.01274 1.01196 1.01161 1.01168 1.01212 1.01285 1.01382 1.01494 1.01612 1.01721 1.01804 1.01849 1.01856 1.01833 1.01796 1.01765 1.01755 1.01775 1.01835 1.01937 1.02081 1.02265 1.02485 1.02735 1.0301 1.03303 1.03615 1.03947 1.0431 1.04716 1.05183 1.05723 1.06349 1.07064 1.07871 1.08766 1.09732 1.10764 1.11856 1.13103 1.14325 1.1559 1.16837 1.19387 1.24767 1.29999 1.41694 1.55276 1.53444 1.42487 1.64848 1.08031 1.0195 1.00025 1.00006 1 1 1 1 1 1 1 1 1 1 1 1.00568 1.06731 1.19972 
1.53014 1.19972 1.06731 1.00568 1 1 1 1 1 1.00001 1.00008 1.02187 1.06711 1.13159 1.17076 1.19826 1.13663 1.23409 1.52632 1.44174 1.34158 1.28944 1.21231 1.17281 1.15904 1.14652 1.13435 1.12275 1.11178 1.1017 1.09255 1.08431 1.07703 1.07058 1.06483 1.05963 1.05485 1.05041 1.04622 1.04224 1.03844 1.03481 1.03136 1.02812 1.02513 1.02244 1.0201 1.01816 1.01668 1.0157 1.01523 1.01524 1.01567 1.01645 1.0175 1.01876 1.02014 1.02151 1.02269 1.02351 1.02391 1.02396 1.0238 1.02364 1.02362 1.02388 1.02451 1.02554 1.02699 1.02883 1.03105 1.03358 1.03637 1.03938 1.04258 1.04604 1.04983 1.05412 1.05907 1.06482 1.07145 1.07899 1.08746 1.09672 1.10662 1.11711 1.1286 1.14129 1.15339 1.16637 1.18944 1.22479 1.28232 1.34418 1.47847 1.68448 1.52102 1.57425 1.36032 1.01962 1.01326 1.00036 1.0001 1.00001 1 1 1 1 1 1 1 1 1 1 1.00568 1.06731 1.19972 
1.53015 1.19972 1.06731 1.00568 1 1 1 1 1 1 1.00005 1.00408 1.04676 1.0959 1.17352 1.1536 1.22195 1.18591 1.44671 1.52478 1.42976 1.29381 1.23996 1.19552 1.16935 1.15768 1.14558 1.13423 1.12337 1.11328 1.1041 1.09575 1.08826 1.08159 1.07556 1.07004 1.0649 1.06004 1.05539 1.05089 1.04655 1.04235 1.03836 1.03462 1.03117 1.02807 1.02536 1.02312 1.0214 1.02024 1.01965 1.0196 1.02002 1.02082 1.02193 1.02328 1.02484 1.02647 1.02799 1.02921 1.03 1.03039 1.03051 1.03055 1.03069 1.03105 1.03174 1.0328 1.03426 1.03611 1.03833 1.04087 1.04368 1.04674 1.05002 1.05359 1.05754 1.06204 1.06724 1.07327 1.0802 1.08805 1.0968 1.10624 1.1163 1.12703 1.13951 1.15192 1.1649 1.18574 1.21337 1.26193 1.32694 1.47031 1.55903 1.55799 1.50624 1.56283 1.04279 1.01416 1.00133 1.00008 1.00001 1 1 1 1 1 1 1 1 1 1 1 1.00568 1.06731 1.19972 
1.53014 1.19972 1.06731 1.00568 1 1 1 1 1 1 1.00001 1.00012 1.02157 1.06886 1.12558 1.18887 1.17772 1.18114 1.22148 1.57074 1.44848 1.35939 1.29277 1.23651 1.18265 1.16878 1.15744 1.14617 1.13554 1.12553 1.11635 1.10796 1.1003 1.0934 1.0871 1.08124 1.07569 1.07035 1.06515 1.06007 1.05513 1.05038 1.04587 1.04166 1.0378 1.03433 1.03131 1.02881 1.02688 1.02558 1.02491 1.02481 1.02522 1.02603 1.02717 1.0286 1.03029 1.03214 1.03399 1.0356 1.03681 1.03759 1.03804 1.03835 1.03869 1.03921 1.04 1.04112 1.04262 1.04448 1.04669 1.04923 1.05205 1.05514 1.05849 1.06215 1.06624 1.07092 1.07632 1.08256 1.08969 1.09776 1.10663 1.11615 1.12627 1.13776 1.15061 1.16241 1.18259 1.20617 1.23499 1.30485 1.39097 1.50778 1.59843 1.47982 1.55393 1.07483 1.00433 1.00088 1.00009 1.00001 1 1 1 1 1 1 1 1 1 1 1 1 1.00568 1.06731 1.19972 
1.53014 1.19972 1.06731 1.00568 1 1 1 1 1 1 1 1.00007 1.00387 1.03779 1.08866 1.1497 1.15706 1.21143 1.17068 1.24442 1.56415 1.45867 1.35448 1.29897 1.22194 1.18137 1.16964 1.15884 1.14836 1.13828 1.12912 1.12074 1.11296 1.10584 1.09924 1.09298 1.08694 1.08104 1.07523 1.06953 1.06401 1.05874 1.05378 1.04918 1.04496 1.04119 1.03791 1.03521 1.03314 1.03174 1.031 1.03087 1.03128 1.03211 1.03328 1.03476 1.03654 1.03858 1.04072 1.04271 1.04434 1.04553 1.04636 1.04698 1.04756 1.04827 1.0492 1.05042 1.05197 1.05386 1.05608 1.05862 1.06146 1.06457 1.06797 1.07171 1.0759 1.0807 1.08624 1.09262 1.0999 1.1081 1.117 1.12654 1.13689 1.14988 1.16232 1.18026 1.19994 1.2201 1.27793 1.37632 1.50472 1.55451 1.70944 1.44824 1.15362 1.00773 1.01184 1.00039 1.00009 1.00001 1 1 1 1 1 1 1 1 1 1 1 1 1.00568 1.06731 1.19972 
1.53014 1.19972 1.06731 1.00568 1 1 1 1 1 1 1 1 1.00002 1.01203 1.05829 1.09821 1.17786 1.14833 1.24236 1.19915 1.50141 1.55517 1.47192 1.34427 1.27177 1.22364 1.18281 1.17128 1.16161 1.15154 1.14239 1.134 1.12614 1.11866 1.1117 1.10496 1.09835 1.09182 1.08538 1.0791 1.07307 1.06737 1.06204 1.05712 1.05263 1.04861 1.04515 1.0423 1.04013 1.03867 1.0379 1.03778 1.03819 1.03905 1.04026 1.04178 1.04363 1.04581 1.04819 1.05053 1.05258 1.0542 1.05541 1.05636 1.05722 1.05815 1.05924 1.06058 1.06222 1.06416 1.06641 1.06896 1.07181 1.07494 1.07838 1.08218 1.08645 1.09133 1.09695 1.10342 1.11082 1.11901 1.12782 1.13751 1.14998 1.16443 1.17992 1.19866 1.21627 1.26058 1.36047 1.42762 1.50345 1.76864 1.59544 1.18338 1.0494 1.00332 1.00045 1.00002 1 1 1 1 1 1 1 1 1 1 1 1 1 1 1.00568 1.06731 1.19972 
1.53014 1.19972 1.06731 1.00568 1 1 1 1 1 1 1 1 1.00003 1.00011 1.02398 1.06888 1.11802 1.17711 1.16395 1.17661 1.30202 1.59722 1.56217 1.40473 1.33336 1.27443 1.2257 1.1872 1.17471 1.16554 1.15604 1.14753 1.13959 1.13179 1.12418 1.11689 1.10967 1.10251 1.09549 1.08872 1.08229 1.07625 1.07064 1.06547 1.06077 1.05659 1.05299 1.05006 1.04784 1.04636 1.04559 1.04548 1.04593 1.04682 1.04807 1.04963 1.05154 1.05383 1.05641 1.05907 1.0615 1.06354 1.06515 1.06645 1.0676 1.06875 1.07003 1.07151 1.07325 1.07526 1.07756 1.08015 1.08301 1.08616 1.08963 1.09347 1.09779 1.10273 1.10841 1.11497 1.12233 1.1304 1.13951 1.15235 1.16699 1.18091 1.19626 1.2136 1.25837 1.32022 1.40553 1.51211 1.73247 1.8296 1.21918 1.13298 1.00124 1.00252 1.00016 1.00001 1 1 1 1 1 1 1 1 1 1 1 1 1 1 1.00568 1.06731 1.19972 
1.53014 1.19972 1.06731 1.00568 1 1 1 1 1 1 1 1 1.00001 1.00007 1.00329 1.03167 1.07548 1.1309 1.15409 1.2115 1.17934 1.29543 1.6013 1.57135 1.41239 1.35254 1.30915 1.24451 1.20256 1.1807 1.16967 1.16123 1.15302 1.14496 1.13679 1.12858 1.12073 1.11302 1.10555 1.09843 1.0917 1.08543 1.07961 1.07426 1.0694 1.06511 1.06145 1.05848 1.05624 1.05476 1.05402 1.05394 1.05443 1.05537 1.05667 1.05827 1.06023 1.0626 1.06534 1.06827 1.07107 1.07351 1.07551 1.07716 1.07861 1.08001 1.08148 1.08312 1.08497 1.08708 1.08944 1.09206 1.09495 1.09812 1.10161 1.10549 1.10988 1.11484 1.1206 1.1272 1.1348 1.14341 1.157 1.1703 1.18308 1.19501 1.21362 1.25644 1.30973 1.3815 1.44582 1.67227 1.83386 1.36669 1.09718 1.01687 1.0009 1.00005 1.00001 1 1 1 1 1 1 1 1 1 1 1 1 1 1 1 1.00568 1.06731 1.19972 
1.53014 1.19972 1.06731 1.00568 1 1 1 1 1 1 1 1 1 1 1.00002 1.00886 1.03992 1.07437 1.1375 1.12936 1.25691 1.1711 1.33143 1.62636 1.59057 1.50073 1.36946 1.30569 1.25128 1.22293 1.18708 1.17449 1.16605 1.15773 1.14925 1.14041 1.13157 1.12341 1.11564 1.10828 1.10139 1.09495 1.08898 1.08349 1.07854 1.07419 1.07051 1.06755 1.06534 1.06387 1.06316 1.06312 1.06367 1.06467 1.06602 1.06766 1.06964 1.07205 1.07492 1.07806 1.0812 1.08403 1.08643 1.08843 1.09018 1.09183 1.09351 1.09533 1.09734 1.09954 1.10199 1.10465 1.10756 1.11073 1.11425 1.11826 1.1228 1.128 1.1339 1.14084 1.14845 1.1609 1.17475 1.18624 1.19968 1.21399 1.2527 1.30467 1.36329 1.43837 1.67062 1.78913 1.38127 1.08252 1.05878 1.00156 1.00072 1.00009 1.00001 1 1 1 1 1 1 1 1 1 1 1 1 1 1 1 1.00568 1.06731 1.19972 
1.53014 1.19972 1.06731 1.00568 1 1 1 1 1 1 1 1 1 1 1.00001 1.00002 1.01012 1.04189 1.07009 1.14392 1.15174 1.2697 1.18908 1.33415 1.70253 1.63193 1.49981 1.3882 1.31487 1.3064 1.24387 1.2016 1.18105 1.17053 1.16095 1.15198 1.14281 1.13383 1.12589 1.11844 1.11144 1.10487 1.09878 1.09321 1.08821 1.08385 1.08019 1.07727 1.0751 1.07368 1.073 1.07301 1.07362 1.07468 1.07606 1.0777 1.07967 1.0821 1.08504 1.08837 1.09179 1.09502 1.09783 1.10021 1.10227 1.10417 1.10607 1.10807 1.11021 1.11252 1.11503 1.11777 1.12079 1.12406 1.12776 1.13194 1.13652 1.14179 1.14775 1.15481 1.16708 1.18019 1.19175 1.20274 1.21619 1.25651 1.2942 1.35296 1.43756 1.67151 1.74754 1.40272 1.07039 1.11621 1.00214 1.00244 1.00028 1.00002 1 1 1 1 1 1 1 1 1 1 1 1 1 1 1 1 1.00568 1.06731 1.19972 
1.53014 1.19972 1.06731 1.00568 1 1 1 1 1 1 1 1 1 1 1 1.00001 1.00001 1.00958 1.03985 1.06163 1.14642 1.13926 1.29102 1.21409 1.3801 1.65894 1.68874 1.51218 1.48475 1.37552 1.30405 1.26918 1.2424 1.20003 1.18071 1.16436 1.15438 1.14502 1.13638 1.12891 1.12187 1.11527 1.1091 1.10343 1.09842 1.09408 1.09047 1.0876 1.08549 1.08418 1.08358 1.08363 1.08424 1.0853 1.08671 1.08839 1.09034 1.09275 1.09573 1.09919 1.10289 1.10645 1.10961 1.11236 1.11477 1.11698 1.11912 1.12128 1.12353 1.12599 1.12863 1.13147 1.13455 1.13792 1.14196 1.14613 1.15094 1.15589 1.16184 1.17462 1.18832 1.19812 1.20806 1.22071 1.25534 1.28869 1.35212 1.43769 1.66802 1.74592 1.43929 1.07867 1.12442 1.00164 1.00533 1.00052 1.00005 1 1 1 1 1 1 1 1 1 1 1 1 1 1 1 1 1 1.00568 1.06731 1.19972 
1.53014 1.19972 1.06731 1.00568 1 1 1 1 1 1 1 1 1 1 1 1 1.00001 1.00002 1.00771 1.03134 1.04939 1.12865 1.117 1.24161 1.25281 1.24181 1.37575 1.85867 1.69057 1.48581 1.43525 1.34424 1.28418 1.23404 1.22043 1.20027 1.17431 1.1613 1.14899 1.14024 1.13282 1.12608 1.11992 1.11429 1.10922 1.10492 1.10146 1.09872 1.09676 1.09545 1.09488 1.09492 1.0955 1.09655 1.09794 1.09963 1.10159 1.10395 1.10686 1.11039 1.11435 1.11827 1.12184 1.12497 1.12775 1.13018 1.13253 1.13494 1.13747 1.14011 1.14282 1.14566 1.14901 1.15284 1.15694 1.16054 1.16521 1.17102 1.18318 1.1969 1.20635 1.21503 1.2266 1.25769 1.29015 1.3534 1.43718 1.6658 1.74942 1.44825 1.07909 1.13307 1.0012 1.01039 1.00031 1.00009 1.00001 1 1 1 1 1 1 1 1 1 1 1 1 1 1 1 1 1 1.00568 1.06731 1.19972 
1.53014 1.19972 1.06731 1.00568 1 1 1 1 1 1 1 1 1 1 1 1 1 1.00001 1.00002 1.00257 1.02311 1.03752 1.09405 1.10714 1.14403 1.37205 1.22384 1.42641 1.66765 1.75962 1.54697 1.44498 1.36715 1.28469 1.24728 1.22449 1.19667 1.18336 1.17079 1.15745 1.1486 1.14008 1.13287 1.12673 1.1214 1.117 1.11332 1.1104 1.10837 1.10726 1.10663 1.10681 1.10767 1.10881 1.11004 1.11152 1.11328 1.1157 1.1187 1.12231 1.1263 1.13054 1.13458 1.13826 1.14147 1.14416 1.14675 1.14936 1.15185 1.15484 1.15784 1.16122 1.16432 1.16776 1.17126 1.17666 1.18422 1.19767 1.21284 1.21668 1.22638 1.2494 1.28121 1.32578 1.37086 1.44208 1.66722 1.74421 1.44451 1.07783 1.14163 1.00118 1.01175 1.00018 1.00014 1.00001 1 1 1 1 1 1 1 1 1 1 1 1 1 1 1 1 1 1 1.00568 1.06731 1.19972 
1.53014 1.19972 1.06731 1.00568 1 1 1 1 1 1 1 1 1 1 1 1 1 1 1 1.00004 1.00003 1.00696 1.02236 1.06127 1.09548 1.10229 1.25484 1.28296 1.25121 1.48834 1.73245 1.5523 1.43365 1.35135 1.29692 1.25078 1.21607 1.20072 1.18972 1.17273 1.16338 1.15509 1.14714 1.13985 1.13403 1.12941 1.12552 1.12262 1.12058 1.11947 1.11898 1.11932 1.11995 1.12125 1.12307 1.12486 1.12657 1.1286 1.13177 1.13539 1.13955 1.14387 1.14804 1.15192 1.1556 1.1592 1.1626 1.16529 1.16811 1.17075 1.17318 1.17617 1.17981 1.18401 1.19213 1.20735 1.22046 1.22604 1.2338 1.2621 1.29298 1.31904 1.33521 1.38526 1.53551 1.6699 1.77764 1.42267 1.0777 1.14008 1.00129 1.01179 1.0002 1.00022 1.00002 1 1 1 1 1 1 1 1 1 1 1 1 1 1 1 1 1 1 1 1.00568 1.06731 1.19972 
1.53014 1.19972 1.06731 1.00568 1 1 1 1 1 1 1 1 1 1 1 1 1 1 1 1 1 1.00024 1.00047 1.00511 1.02499 1.0968 1.07809 1.12906 1.32167 1.30153 1.47196 1.45859 1.44324 1.48635 1.4037 1.29964 1.24741 1.22067 1.20347 1.18715 1.17788 1.16815 1.16103 1.15439 1.14871 1.14306 1.13886 1.13546 1.13328 1.13208 1.13161 1.13195 1.13281 1.13448 1.13603 1.13839 1.14165 1.14534 1.1475 1.15113 1.15472 1.1594 1.16376 1.16861 1.17198 1.17488 1.17798 1.18139 1.18427 1.18653 1.18982 1.19864 1.20896 1.22817 1.23772 1.25163 1.26245 1.3056 1.33131 1.34879 1.37177 1.34044 1.47285 1.53215 1.74418 1.81875 1.37563 1.06622 1.12938 1.00113 1.0119 1.00023 1.00023 1.00002 1 1 1 1 1 1 1 1 1 1 1 1 1 1 1 1 1 1 1 1 1.00568 1.06731 1.19972 
1.53014 1.19972 1.06731 1.00568 1 1 1 1 1 1 1 1 1 1 1 1 1 1 1 1 1 1.00001 1.00003 1.00006 1.00044 1.00362 1.0455 1.05704 1.06287 1.17127 1.36546 1.72415 1.6368 1.51327 1.36288 1.32707 1.28436 1.25473 1.21122 1.19952 1.19053 1.18221 1.17495 1.16799 1.16233 1.15702 1.1533 1.15026 1.14753 1.14629 1.14601 1.1466 1.14786 1.14973 1.15146 1.15423 1.15851 1.16077 1.16393 1.17115 1.17882 1.1843 1.19135 1.20063 1.20939 1.21689 1.22028 1.22628 1.23238 1.23683 1.25533 1.26285 1.26918 1.29095 1.33283 1.35216 1.3446 1.37476 1.4733 1.42918 1.48337 1.49604 1.60614 1.8223 1.72856 1.35917 1.07472 1.11738 1.0017 1.01053 1.00018 1.00021 1.00002 1 1 1 1 1 1 1 1 1 1 1 1 1 1 1 1 1 1 1 1 1 1.00568 1.06731 1.19972 
1.53014 1.19972 1.06731 1.00568 1 1 1 1 1 1 1 1 1 1 1 1 1 1 1 1 1 1 1 1 1.00003 1.00033 1.00037 1.0066 1.04655 1.06991 1.06193 1.18406 1.79293 1.69437 1.52388 1.39567 1.32004 1.31719 1.25328 1.21367 1.19695 1.18957 1.18431 1.17943 1.17445 1.17033 1.1671 1.16485 1.16297 1.16208 1.16139 1.16147 1.16233 1.16427 1.16638 1.17011 1.17421 1.17624 1.18251 1.18928 1.20037 1.20978 1.22242 1.23679 1.24869 1.26013 1.27214 1.28092 1.28872 1.3062 1.34863 1.34865 1.35633 1.38975 1.47779 1.48565 1.49118 1.45784 1.57972 1.58696 1.62 1.79468 1.80879 1.37976 1.12393 1.09555 1.05435 1.00235 1.00523 1.00031 1.00014 1.00002 1 1 1 1 1 1 1 1 1 1 1 1 1 1 1 1 1 1 1 1 1 1 1.00568 1.06731 1.19972 
1.53014 1.19972 1.06731 1.00568 1 1 1 1 1 1 1 1 1 1 1 1 1 1 1 1 1 1 1 1 1 1.00003 1.00012 1.00013 1.00049 1.00523 1.08962 1.02405 1.27135 1.64973 1.71733 1.53253 1.51363 1.39097 1.32873 1.28502 1.24868 1.21301 1.19769 1.19096 1.18819 1.18497 1.18204 1.17998 1.17842 1.1775 1.17729 1.1785 1.17987 1.17996 1.18143 1.18434 1.18938 1.19344 1.19911 1.20706 1.22057 1.24172 1.26175 1.27196 1.28912 1.31773 1.3389 1.36761 1.39076 1.40628 1.47462 1.52032 1.5165 1.52874 1.77963 1.73854 1.61961 1.56701 1.79385 1.81552 1.79118 1.33028 1.11098 1.08865 1.13135 1.01405 1.00155 1.00213 1.00068 1.00008 1.00001 1 1 1 1 1 1 1 1 1 1 1 1 1 1 1 1 1 1 1 1 1 1 1 1.00568 1.06731 1.19972 
1.53014 1.19972 1.06731 1.00568 1 1 1 1 1 1 1 1 1 1 1 1 1 1 1 1 1 1 1 1 1 1 1.00001 1.00001 1.00018 1.00056 1.00036 1.02089 1.06151 1.06453 1.34159 1.86758 1.72291 1.51973 1.47194 1.33582 1.32884 1.28596 1.25188 1.21577 1.20001 1.19651 1.19559 1.19468 1.19391 1.19227 1.19306 1.19456 1.19529 1.19764 1.20095 1.20376 1.2091 1.21997 1.23248 1.26478 1.28917 1.30223 1.32268 1.35791 1.39404 1.43113 1.45261 1.48495 1.56469 1.59559 1.67628 1.82931 1.81239 1.65754 1.85353 1.84315 1.68388 1.42213 1.36155 1.22099 1.09129 1.05451 1.14642 1.04417 1.00188 1.00104 1.00039 1.00021 1.00004 1.00001 1 1 1 1 1 1 1 1 1 1 1 1 1 1 1 1 1 1 1 1 1 1 1 1 1.00568 1.06731 1.19972 
1.53014 1.19972 1.06731 1.00568 1 1 1 1 1 1 1 1 1 1 1 1 1 1 1 1 1 1 1 1 1 1 1 1 1.00002 1.00003 1.00115 1.00006 1.00176 1.11342 1.04852 1.30436 1.64986 1.79781 1.59103 1.49278 1.472 1.33605 1.32906 1.2956 1.28349 1.25488 1.2546 1.24782 1.23024 1.21849 1.20535 1.20665 1.22099 1.23527 1.25556 1.26549 1.28516 1.2862 1.28853 1.31963 1.34788 1.35352 1.34871 1.3801 1.42065 1.39521 1.40309 1.45247 1.49984 1.50366 1.56169 1.62033 1.49067 1.2543 1.3 1.37087 1.12484 1.05607 1.15004 1.11889 1.11754 1.04695 1.00117 1.00123 1.00419 1.00002 1.00003 1.00001 1 1 1 1 1 1 1 1 1 1 1 1 1 1 1 1 1 1 1 1 1 1 1 1 1 1 1.00568 1.06731 1.19972 
1.53014 1.19972 1.06731 1.00568 1 1 1 1 1 1 1 1 1 1 1 1 1 1 1 1 1 1 1 1 1 1 1 1 1 1 1.00011 1.00004 1.00068 1.00088 1.05108 1.07179 1.08818 1.32652 1.73988 1.76165 1.58663 1.49169 1.4757 1.38747 1.39514 1.34588 1.33453 1.29789 1.28852 1.29415 1.28941 1.29088 1.29882 1.29629 1.30761 1.35732 1.40224 1.39 1.40073 1.43512 1.48009 1.48135 1.47618 1.50893 1.53104 1.52378 1.51199 1.53104 1.5693 1.47112 1.45897 1.31161 1.24004 1.11913 1.05028 1.03681 1.10964 1.10298 1.05029 1.02978 1.00149 1.00125 1.00465 1.00044 1.0005 1 1 1 1 1 1 1 1 1 1 1 1 1 1 1 1 1 1 1 1 1 1 1 1 1 1 1 1 1 1.00568 1.06731 1.19972 
1.53014 1.19972 1.06731 1.00568 1 1 1 1 1 1 1 1 1 1 1 1 1 1 1 1 1 1 1 1 1 1 1 1 1 1 1.00001 1 1.00006 1.00264 1.00029 1.00878 1.09466 1.06313 1.0873 1.2993 1.72691 1.73396 1.615 1.59074 1.56078 1.46918 1.44579 1.38932 1.39701 1.38528 1.40814 1.40836 1.38719 1.40155 1.40054 1.47251 1.58405 1.59714 1.58549 1.66008 1.79014 1.69152 1.67369 1.76636 1.69458 1.64278 1.51657 1.31444 1.26591 1.17527 1.13337 1.12577 1.02414 1.01377 1.02776 1.04563 1.00711 1.00192 1.00634 1.00276 1.00274 1.0006 1.00056 1.00004 1.00003 1 1 1 1 1 1 1 1 1 1 1 1 1 1 1 1 1 1 1 1 1 1 1 1 1 1 1 1 1 1.00568 1.06731 1.19972 
1.53014 1.19972 1.06731 1.00568 1 1 1 1 1 1 1 1 1 1 1 1 1 1 1 1 1 1 1 1 1 1 1 1 1 1 1 1 1 1.00028 1.00069 1.00026 1.00119 1.02808 1.10546 1.05027 1.07255 1.2679 1.67168 1.73989 1.7199 1.69194 1.70209 1.58515 1.57472 1.58712 1.56314 1.55966 1.58883 1.5788 1.5951 1.70719 1.71042 1.70352 1.57743 1.34912 1.26831 1.12232 1.12245 1.17634 1.13987 1.14528 1.08234 1.06521 1.09903 1.07346 1.05664 1.02142 1.01871 1.00626 1.00106 1.00123 1.00198 1.00218 1.00032 1.00018 1.00029 1.00005 1.00003 1 1 1 1 1 1 1 1 1 1 1 1 1 1 1 1 1 1 1 1 1 1 1 1 1 1 1 1 1 1 1 1.00568 1.06731 1.19972 
1.53014 1.19972 1.06731 1.00568 1 1 1 1 1 1 1 1 1 1 1 1 1 1 1 1 1 1 1 1 1 1 1 1 1 1 1 1 1 1.00002 1.00006 1 1.00232 1.00048 1.00051 1.0299 1.09998 1.02819 1.0484 1.18261 1.21162 1.21444 1.24201 1.28374 1.56747 1.68077 1.69814 1.69424 1.68961 1.58021 1.27499 1.22803 1.20267 1.18759 1.07761 1.05152 1.10427 1.07835 1.04847 1.01981 1.02391 1.02075 1.05087 1.0404 1.02993 1.01465 1.0051 1.00469 1.00005 1.00018 1.00021 1.00056 1.00019 1.00022 1.00002 1.00001 1.00002 1 1 1 1 1 1 1 1 1 1 1 1 1 1 1 1 1 1 1 1 1 1 1 1 1 1 1 1 1 1 1 1 1 1.00568 1.06731 1.19972 
1.53014 1.19972 1.06731 1.00568 1 1 1 1 1 1 1 1 1 1 1 1 1 1 1 1 1 1 1 1 1 1 1 1 1 1 1 1 1 1 1 1 1.00024 1.00022 1.00253 1.00069 1.00034 1.02743 1.06254 1.04639 1.06282 1.07547 1.10051 1.05201 1.0699 1.19947 1.18882 1.18475 1.19151 1.06509 1.04552 1.09435 1.0551 1.04619 1.07102 1.04764 1.02876 1.0084 1.00596 1.00724 1.00563 1.00527 1.00095 1.0011 1.00221 1.00067 1.00019 1.00025 1.0001 1.00002 1.00002 1.00005 1.00001 1.00001 1 1 1 1 1 1 1 1 1 1 1 1 1 1 1 1 1 1 1 1 1 1 1 1 1 1 1 1 1 1 1 1 1 1 1 1 1.00568 1.06731 1.19972 
1.53014 1.19972 1.06731 1.00568 1 1 1 1 1 1 1 1 1 1 1 1 1 1 1 1 1 1 1 1 1 1 1 1 1 1 1 1 1 1 1 1 1.00002 1.00002 1.00027 1.00028 1.00226 1.00057 1.00017 1.01301 1.01707 1.02346 1.02903 1.04284 1.06558 1.02681 1.03682 1.03812 1.02723 1.06272 1.03688 1.02253 1.01779 1.01365 1.00127 1.0006 1.00258 1.00045 1.00005 1.00041 1.00028 1.00048 1.00059 1.00022 1.00008 1.00002 1.00002 1.00002 1.00001 1 1 1 1 1 1 1 1 1 1 1 1 1 1 1 1 1 1 1 1 1 1 1 1 1 1 1 1 1 1 1 1 1 1 1 1 1 1 1 1 1 1.00568 1.06731 1.19972 
1.53014 1.19972 1.06731 1.00568 1 1 1 1 1 1 1 1 1 1 1 1 1 1 1 1 1 1 1 1 1 1 1 1 1 1 1 1 1 1 1 1 1 1 1.00002 1.00002 1.00023 1.00027 1.0009 1.00061 1.00046 1.00107 1.00267 1.00077 1.00093 1.0135 1.01162 1.01115 1.01234 1.00064 1.00039 1.0019 1.00032 1.00087 1.00109 1.0004 1.00011 1.00004 1 1.00003 1.00002 1.00003 1.00005 1.00002 1.00001 1 1 1 1 1 1 1 1 1 1 1 1 1 1 1 1 1 1 1 1 1 1 1 1 1 1 1 1 1 1 1 1 1 1 1 1 1 1 1 1 1 1 1 1 1 1.00568 1.06731 1.19972 
1.53014 1.19972 1.06731 1.00568 1 1 1 1 1 1 1 1 1 1 1 1 1 1 1 1 1 1 1 1 1 1 1 1 1 1 1 1 1 1 1 1 1 1 1 1 1.00002 1.00002 1.00008 1.00006 1.00004 1.00002 1.00004 1.00031 1.00095 1.00077 1.00016 1.00035 1.00081 1.0009 1.00024 1.00003 1.00005 1.00008 1.0001 1.00003 1.00001 1 1 1 1 1 1 1 1 1 1 1 1 1 1 1 1 1 1 1 1 1 1 1 1 1 1 1 1 1 1 1 1 1 1 1 1 1 1 1 1 1 1 1 1 1 1 1 1 1 1 1 1 1 1.00568 1.06731 1.19972 
1.53014 1.19972 1.06731 1.00568 1 1 1 1 1 1 1 1 1 1 1 1 1 1 1 1 1 1 1 1 1 1 1 1 1 1 1 1 1 1 1 1 1 1 1 1 1 1 1.00001 1 1 1 1 1.00003 1.00009 1.00008 1.00003 1.00003 1.00007 1.00008 1.00002 1 1 1.00001 1.00001 1 1 1 1 1 1 1 1 1 1 1 1 1 1 1 1 1 1 1 1 1 1 1 1 1 1 1 1 1 1 1 1 1 1 1 1 1 1 1 1 1 1 1 1 1 1 1 1 1 1 1 1 1 1 1 1.00568 1.06731 1.19972 
1.53014 1.19972 1.06731 1.00568 1 1 1 1 1 1 1 1 1 1 1 1 1 1 1 1 1 1 1 1 1 1 1 1 1 1 1 1 1 1 1 1 1 1 1 1 1 1 1 1 1 1 1 1 1.00001 1.00001 1 1 1.00001 1.00001 1 1 1 1 1 1 1 1 1 1 1 1 1 1 1 1 1 1 1 1 1 1 1 1 1 1 1 1 1 1 1 1 1 1 1 1 1 1 1 1 1 1 1 1 1 1 1 1 1 1 1 1 1 1 1 1 1 1 1 1 1.00568 1.06731 1.19972 
1.53014 1.19972 1.06731 1.00568 1 1 1 1 1 1 1 1 1 1 1 1 1 1 1 1 1 1 1 1 1 1 1 1 1 1 1 1 1 1 1 1 1 1 1 1 1 1 1 1 1 1 1 1 1 1 1 1 1 1 1 1 1 1 1 1 1 1 1 1 1 1 1 1 1 1 1 1 1 1 1 1 1 1 1 1 1 1 1 1 1 1 1 1 1 1 1 1 1 1 1 1 1 1 1 1 1 1 1 1 1 1 1 1 1 1 1 1 1 1 1.00568 1.06731 1.19972 
1.53014 1.19972 1.06731 1.00568 1 1 1 1 1 1 1 1 1 1 1 1 1 1 1 1 1 1 1 1 1 1 1 1 1 1 1 1 1 1 1 1 1 1 1 1 1 1 1 1 1 1 1 1 1 1 1 1 1 1 1 1 1 1 1 1 1 1 1 1 1 1 1 1 1 1 1 1 1 1 1 1 1 1 1 1 1 1 1 1 1 1 1 1 1 1 1 1 1 1 1 1 1 1 1 1 1 1 1 1 1 1 1 1 1 1 1 1 1 1 1.00568 1.06731 1.19972 
1.53014 1.19972 1.06731 1.00568 1 1 1 1 1 1 1 1 1 1 1 1 1 1 1 1 1 1 1 1 1 1 1 1 1 1 1 1 1 1 1 1 1 1 1 1 1 1 1 1 1 1 1 1 1 1 1 1 1 1 1 1 1 1 1 1 1 1 1 1 1 1 1 1 1 1 1 1 1 1 1 1 1 1 1 1 1 1 1 1 1 1 1 1 1 1 1 1 1 1 1 1 1 1 1 1 1 1 1 1 1 1 1 1 1 1 1 1 1 1 1.00568 1.06731 1.19972 
1.53014 1.19972 1.06731 1.00568 1 1 1 1 1 1 1 1 1 1 1 1 1 1 1 1 1 1 1 1 1 1 1 1 1 1 1 1 1 1 1 1 1 1 1 1 1 1 1 1 1 1 1 1 1 1 1 1 1 1 1 1 1 1 1 1 1 1 1 1 1 1 1 1 1 1 1 1 1 1 1 1 1 1 1 1 1 1 1 1 1 1 1 1 1 1 1 1 1 1 1 1 1 1 1 1 1 1 1 1 1 1 1 1 1 1 1 1 1 1 1.00568 1.06731 1.19972 
1.53014 1.19972 1.06731 1.00568 1 1 1 1 1 1 1 1 1 1 1 1 1 1 1 1 1 1 1 1 1 1 1 1 1 1 1 1 1 1 1 1 1 1 1 1 1 1 1 1 1 1 1 1 1 1 1 1 1 1 1 1 1 1 1 1 1 1 1 1 1 1 1 1 1 1 1 1 1 1 1 1 1 1 1 1 1 1 1 1 1 1 1 1 1 1 1 1 1 1 1 1 1 1 1 1 1 1 1 1 1 1 1 1 1 1 1 1 1 1 1.00568 1.06731 1.19972 
1.53014 1.19972 1.06731 1.00568 1 1 1 1 1 1 1 1 1 1 1 1 1 1 1 1 1 1 1 1 1 1 1 1 1 1 1 1 1 1 1 1 1 1 1 1 1 1 1 1 1 1 1 1 1 1 1 1 1 1 1 1 1 1 1 1 1 1 1 1 1 1 1 1 1 1 1 1 1 1 1 1 1 1 1 1 1 1 1 1 1 1 1 1 1 1 1 1 1 1 1 1 1 1 1 1 1 1 1 1 1 1 1 1 1 1 1 1 1 1 1.00568 1.06731 1.19972 
1.53014 1.19972 1.06731 1.00568 1 1 1 1 1 1 1 1 1 1 1 1 1 1 1 1 1 1 1 1 1 1 1 1 1 1 1 1 1 1 1 1 1 1 1 1 1 1 1 1 1 1 1 1 1 1 1 1 1 1 1 1 1 1 1 1 1 1 1 1 1 1 1 1 1 1 1 1 1 1 1 1 1 1 1 1 1 1 1 1 1 1 1 1 1 1 1 1 1 1 1 1 1 1 1 1 1 1 1 1 1 1 1 1 1 1 1 1 1 1 1.00568 1.06731 1.19972 
1.53014 1.19972 1.06731 1.00568 1 1 1 1 1 1 1 1 1 1 1 1 1 1 1 1 1 1 1 1 1 1 1 1 1 1 1 1 1 1 1 1 1 1 1 1 1 1 1 1 1 1 1 1 1 1 1 1 1 1 1 1 1 1 1 1 1 1 1 1 1 1 1 1 1 1 1 1 1 1 1 1 1 1 1 1 1 1 1 1 1 1 1 1 1 1 1 1 1 1 1 1 1 1 1 1 1 1 1 1 1 1 1 1 1 1 1 1 1 1 1.00568 1.06731 1.19972 
1.53014 1.19972 1.06731 1.00568 1 1 1 1 1 1 1 1 1 1 1 1 1 1 1 1 1 1 1 1 1 1 1 1 1 1 1 1 1 1 1 1 1 1 1 1 1 1 1 1 1 1 1 1 1 1 1 1 1 1 1 1 1 1 1 1 1 1 1 1 1 1 1 1 1 1 1 1 1 1 1 1 1 1 1 1 1 1 1 1 1 1 1 1 1 1 1 1 1 1 1 1 1 1 1 1 1 1 1 1 1 1 1 1 1 1 1 1 1 1 1.00568 1.06731 1.19972 
1.53014 1.19972 1.06731 1.00568 1 1 1 1 1 1 1 1 1 1 1 1 1 1 1 1 1 1 1 1 1 1 1 1 1 1 1 1 1 1 1 1 1 1 1 1 1 1 1 1 1 1 1 1 1 1 1 1 1 1 1 1 1 1 1 1 1 1 1 1 1 1 1 1 1 1 1 1 1 1 1 1 1 1 1 1 1 1 1 1 1 1 1 1 1 1 1 1 1 1 1 1 1 1 1 1 1 1 1 1 1 1 1 1 1 1 1 1 1 1 1.00568 1.06731 1.19972 
1.53014 1.19972 1.06731 1.00568 1 1 1 1 1 1 1 1 1 1 1 1 1 1 1 1 1 1 1 1 1 1 1 1 1 1 1 1 1 1 1 1 1 1 1 1 1 1 1 1 1 1 1 1 1 1 1 1 1 1 1 1 1 1 1 1 1 1 1 1 1 1 1 1 1 1 1 1 1 1 1 1 1 1 1 1 1 1 1 1 1 1 1 1 1 1 1 1 1 1 1 1 1 1 1 1 1 1 1 1 1 1 1 1 1 1 1 1 1 1 1.00568 1.06731 1.19972 
1.53014 1.19972 1.06731 1.00568 1 1 1 1 1 1 1 1 1 1 1 1 1 1 1 1 1 1 1 1 1 1 1 1 1 1 1 1 1 1 1 1 1 1 1 1 1 1 1 1 1 1 1 1 1 1 1 1 1 1 1 1 1 1 1 1 1 1 1 1 1 1 1 1 1 1 1 1 1 1 1 1 1 1 1 1 1 1 1 1 1 1 1 1 1 1 1 1 1 1 1 1 1 1 1 1 1 1 1 1 1 1 1 1 1 1 1 1 1 1 1.00568 1.06731 1.19972 
1.53014 1.19972 1.06731 1.00568 1 1 1 1 1 1 1 1 1 1 1 1 1 1 1 1 1 1 1 1 1 1 1 1 1 1 1 1 1 1 1 1 1 1 1 1 1 1 1 1 1 1 1 1 1 1 1 1 1 1 1 1 1 1 1 1 1 1 1 1 1 1 1 1 1 1 1 1 1 1 1 1 1 1 1 1 1 1 1 1 1 1 1 1 1 1 1 1 1 1 1 1 1 1 1 1 1 1 1 1 1 1 1 1 1 1 1 1 1 1 1.00568 1.06731 1.19972 
1.53014 1.19972 1.06731 1.00568 1 1 1 1 1 1 1 1 1 1 1 1 1 1 1 1 1 1 1 1 1 1 1 1 1 1 1 1 1 1 1 1 1 1 1 1 1 1 1 1 1 1 1 1 1 1 1 1 1 1 1 1 1 1 1 1 1 1 1 1 1 1 1 1 1 1 1 1 1 1 1 1 1 1 1 1 1 1 1 1 1 1 1 1 1 1 1 1 1 1 1 1 1 1 1 1 1 1 1 1 1 1 1 1 1 1 1 1 1 1 1.00568 1.06731 1.19972 
1.53014 1.19972 1.06731 1.00568 1 1 1 1 1 1 1 1 1 1 1 1 1 1 1 1 1 1 1 1 1 1 1 1 1 1 1 1 1 1 1 1 1 1 1 1 1 1 1 1 1 1 1 1 1 1 1 1 1 1 1 1 1 1 1 1 1 1 1 1 1 1 1 1 1 1 1 1 1 1 1 1 1 1 1 1 1 1 1 1 1 1 1 1 1 1 1 1 1 1 1 1 1 1 1 1 1 1 1 1 1 1 1 1 1 1 1 1 1 1 1.00568 1.06731 1.19972 
1.53014 1.19972 1.06731 1.00568 1 1 1 1 1 1 1 1 1 1 1 1 1 1 1 1 1 1 1 1 1 1 1 1 1 1 1 1 1 1 1 1 1 1 1 1 1 1 1 1 1 1 1 1 1 1 1 1 1 1 1 1 1 1 1 1 1 1 1 1 1 1 1 1 1 1 1 1 1 1 1 1 1 1 1 1 1 1 1 1 1 1 1 1 1 1 1 1 1 1 1 1 1 1 1 1 1 1 1 1 1 1 1 1 1 1 1 1 1 1 1.00568 1.06731 1.19972 
1.53014 1.19972 1.06731 1.00568 1 1 1 1 1 1 1 1 1 1 1 1 1 1 1 1 1 1 1 1 1 1 1 1 1 1 1 1 1 1 1 1 1 1 1 1 1 1 1 1 1 1 1 1 1 1 1 1 1 1 1 1 1 1 1 1 1 1 1 1 1 1 1 1 1 1 1 1 1 1 1 1 1 1 1 1 1 1 1 1 1 1 1 1 1 1 1 1 1 1 1 1 1 1 1 1 1 1 1 1 1 1 1 1 1 1 1 1 1 1 1.00568 1.06731 1.19972 
1.53014 1.31121 1.16278 1.01522 1.00568 1.00568 1.00568 1.00568 1.00568 1.00568 1.00568 1.00568 1.00568 1.00568 1.00568 1.00568 1.00568 1.00568 1.00568 1.00568 1.00568 1.00568 1.00568 1.00568 1.00568 1.00568 1.00568 1.00568 1.00568 1.00568 1.00568 1.00568 1.00568 1.00568 1.00568 1.00568 1.00568 1.00568 1.00568 1.00568 1.00568 1.00568 1.00568 1.00568 1.00568 1.00568 1.00568 1.00568 1.00568 1.00568 1.00568 1.00568 1.00568 1.00568 1.00568 1.00568 1.00568 1.00568 1.00568 1.00568 1.00568 1.00568 1.00568 1.00568 1.00568 1.00568 1.00568 1.00568 1.00568 1.00568 1.00568 1.00568 1.00568 1.00568 1.00568 1.00568 1.00568 1.00568 1.00568 1.00568 1.00568 1.00568 1.00568 1.00568 1.00568 1.00568 1.00568 1.00568 1.00568 1.00568 1.00568 1.00568 1.00568 1.00568 1.00568 1.00568 1.00568 1.00568 1.00568 1.00568 1.00568 1.00568 1.00568 1.00568 1.00568 1.00568 1.00568 1.00568 1.00568 1.00568 1.00568 1.00568 1.00568 1.00568 1.01522 1.16278 1.31122 
2.02359 1.61792 1.38631 1.16278 1.06731 1.06731 1.06731 1.06731 1.06731 1.06731 1.06731 1.06731 1.06731 1.06731 1.06731 1.06731 1.06731 1.06731 1.06731 1.06731 1.06731 1.06731 1.06731 1.06731 1.06731 1.06731 1.06731 1.06731 1.06731 1.06731 1.06731 1.06731 1.06731 1.06731 1.06731 1.06731 1.06731 1.06731 1.06731 1.06731 1.06731 1.06731 1.06731 1.06731 1.06731 1.06731 1.06731 1.06731 1.06731 1.06731 1.06731 1.06731 1.06731 1.06731 1.06731 1.06731 1.06731 1.06731 1.06731 1.06731 1.06731 1.06731 1.06731 1.06731 1.06731 1.06731 1.06731 1.06731 1.06731 1.06731 1.06731 1.06731 1.06731 1.06731 1.06731 1.06731 1.06731 1.06731 1.06731 1.06731 1.06731 1.06731 1.06731 1.06731 1.06731 1.06731 1.06731 1.06731 1.06731 1.06731 1.06731 1.06731 1.06731 1.06731 1.06731 1.06731 1.06731 1.06731 1.06731 1.06731 1.06731 1.06731 1.06731 1.06731 1.06731 1.06731 1.06731 1.06731 1.06731 1.06731 1.06731 1.06731 1.06731 1.06731 1.16278 1.38631 1.61792 
2.7882 2.00948 1.61793 1.31121 1.19972 1.19972 1.19972 1.19972 1.19972 1.19972 1.19972 1.19972 1.19972 1.19972 1.19972 1.19972 1.19972 1.19972 1.19972 1.19972 1.19972 1.19972 1.19972 1.19972 1.19972 1.19972 1.19972 1.19972 1.19972 1.19972 1.19972 1.19972 1.19972 1.19972 1.19972 1.19972 1.19972 1.19972 1.19972 1.19972 1.19972 1.19972 1.19972 1.19972 1.19972 1.19972 1.19972 1.19972 1.19972 1.19972 1.19972 1.19972 1.19972 1.19972 1.19972 1.19972 1.19972 1.19972 1.19972 1.19972 1.19972 1.19972 1.19972 1.19972 1.19972 1.19972 1.19972 1.19972 1.19972 1.19972 1.19972 1.19972 1.19972 1.19972 1.19972 1.19972 1.19972 1.19972 1.19972 1.19972 1.19972 1.19972 1.19972 1.19972 1.19972 1.19972 1.19972 1.19972 1.19972 1.19972 1.19972 1.19972 1.19972 1.19972 1.19972 1.19972 1.19972 1.19972 1.19972 1.19972 1.19972 1.19972 1.19972 1.19972 1.19972 1.19972 1.19972 1.19972 1.19972 1.19972 1.19972 1.19972 1.19972 1.19972 1.31121 1.61792 2.00948 
