#No recentering correction has been made! Must use full expression for cumulants!
#i	j	<z^i zbar^j>_eps	<z^i zbar^j>_U	<z^i zbar^j>_Ubar	<z^i zbar^j>_C	<z^i zbar^j>_T	<z^i zbar^j>_s
0	0	(553.94,0)	(3.17696e-09,-1.14757e-08)	(3.17696e-09,1.14757e-08)	(1.29657e-08,-6.00614e-10)	(7.1822e-06,3.32705e-07)	(-0.5,0)	(567.999,0)
0	1	(-0.157919,0.24267)	(-1.07026,-3.80413e-10)	(5.3716e-08,7.51525e-09)	(-7.59683e-09,-2.46704e-08)	(3.76516e-06,-2.45956e-05)	(0.0789594,-0.121335)	(-0.124428,0.277417)
0	2	(2.57576,0.859609)	(0.33803,-0.519441)	(1.25422e-07,-1.52789e-08)	(-0.572733,1.2062e-07)	(-0.00039091,0.000125181)	(-1.28788,-0.429805)	(2.75041,0.906464)
0	3	(-0.0950294,3.50604)	(-8.27024,-2.76003)	(-5.57712e-06,2.25142e-06)	(0.271337,-0.416953)	(0.00158134,0.00101871)	(0.0475148,-1.75302)	(0.161856,4.02934)
0	4	(9.78533,11.0492)	(0.406804,-15.0095)	(-5.11082e-06,4.15785e-05)	(-8.85135,-2.95398)	(-0.0174083,-0.0181953)	(-4.89266,-5.52462)	(11.3803,12.7746)
0	5	(-12.4923,43.7527)	(-52.3695,-59.128)	(-0.000394361,-0.000328298)	(0.544139,-20.0803)	(-0.0262305,-0.0362895)	(6.24613,-21.8763)	(-13.2432,54.8111)
1	0	(-0.157919,-0.24267)	(5.3716e-08,-7.51525e-09)	(-1.07026,3.80413e-10)	(6.79705e-09,4.44012e-08)	(-4.20819e-06,1.36659e-05)	(0.0789594,0.121335)	(-0.124428,-0.277417)
1	1	(7.89598,0)	(0.169015,0.259721)	(0.169015,-0.259721)	(3.74378e-07,-1.38147e-07)	(0.000207383,7.6525e-05)	(-3.94799,0)	(8.17505,0)
1	2	(-1.04866,3.9678)	(-15.6756,5.09683e-07)	(-2.75674,-0.920009)	(0.090446,0.138984)	(0.00089238,-0.000974664)	(0.524331,-1.9839)	(-0.365196,4.61039)
1	3	(52.6715,17.6175)	(2.78627,-11.8473)	(0.101738,-3.75237)	(-12.2547,6.15107e-06)	(0.0115645,0.00846276)	(-26.3357,-8.80875)	(58.2443,19.2046)
1	4	(4.74068,98.2702)	(-206.543,-69.0986)	(-10.4739,-11.8254)	(2.77487,-12.3612)	(0.0542895,0.0858483)	(-2.37034,-49.1351)	(13.6329,117.449)
1	5	(306.451,355.495)	(-26.5453,-482.904)	(13.3595,-46.8143)	(-267.871,-89.6232)	(-1.25508,-1.30362)	(-153.226,-177.748)	(368.126,426.661)
2	0	(2.57576,-0.859609)	(1.25422e-07,1.52789e-08)	(0.33803,0.519441)	(-7.0569e-07,-2.25982e-07)	(-317.26,-6.68162e-05)	(-1.28788,0.429805)	(2.75041,-0.906464)
2	1	(-1.04866,-3.9678)	(-2.75674,0.920009)	(-15.6756,-5.09683e-07)	(1.61097e-06,1.75951e-06)	(50.1017,-76.9891)	(0.524331,1.9839)	(-0.365196,-4.61039)
2	2	(122.433,0)	(1.85755,7.89822)	(1.85755,-7.89822)	(-1.47521,0.492315)	(-817.179,-272.713)	(-61.2164,0)	(133.681,0)
2	3	(8.37594,91.3974)	(-340.636,3.69329e-05)	(-103.271,-34.5492)	(1.38761,6.18078)	(30.2628,-1112.31)	(-4.18797,-45.6987)	(29.0084,110.765)
2	4	(1412.68,481.69)	(-47.7308,-338.362)	(-10.6051,-193.15)	(-346.083,0.000214153)	(-3096.77,-3504.93)	(-706.341,-240.845)	(1656.28,556.626)
2	5	(403.885,3360.2)	(-6412.95,-2194)	(-596.63,-693.208)	(-68.9634,-429.357)	(3951.4,-13861.8)	(-201.942,-1680.1)	(787.753,4261.03)
3	0	(-0.0950294,-3.50604)	(-5.57712e-06,-2.25142e-06)	(-8.27024,2.76003)	(2.85471e-06,-1.83903e-06)	(150.304,230.967)	(0.0475148,1.75302)	(0.161856,-4.02934)
3	1	(52.6715,-17.6175)	(0.101738,3.75237)	(2.78627,11.8473)	(2.08768e-05,-1.52774e-05)	(-6788.36,-0.00340733)	(-26.3357,8.80875)	(58.2443,-19.2046)
3	2	(8.37594,-91.3974)	(-103.271,34.5492)	(-340.636,-3.69329e-05)	(0.0546318,2.008)	(768.652,-3423.78)	(-4.18797,45.6987)	(29.0084,-110.765)
3	3	(2790.29,0)	(-35.7824,253.788)	(-35.7824,-253.788)	(-80.3606,26.8856)	(-44515,-14893)	(-1395.15,0)	(3269.58,0)
3	4	(1137.48,2696.43)	(-9720.18,0.00174908)	(-3847.76,-1316.39)	(-41.3087,257.685)	(-4763.24,-83318.4)	(-568.742,-1348.21)	(1987.06,3473.96)
3	5	(46661.8,16407.2)	(-5642.87,-11673.4)	(-1201.56,-9176.05)	(-12031.6,-0.00217261)	(-253438,-298162)	(-23330.9,-8203.58)	(58869.9,20400.4)
4	0	(9.78533,-11.0492)	(-5.11082e-06,-4.15785e-05)	(0.406804,15.0095)	(-3.14264e-05,3.2847e-05)	(-4903.12,1636.33)	(-4.89266,5.52462)	(11.3803,-12.7746)
4	1	(4.74068,-98.2702)	(-10.4739,11.8254)	(-206.543,69.0986)	(9.80061e-05,-0.000154977)	(1537.11,6847.36)	(-2.37034,49.1351)	(13.6329,-117.449)
4	2	(1412.68,-481.69)	(-10.6051,193.15)	(-47.7308,338.362)	(-5.59044,6.32727)	(-191710,-0.118628)	(-706.341,240.845)	(1656.28,-556.626)
4	3	(1137.48,-2696.43)	(-3847.76,1316.39)	(-9720.18,-0.00174908)	(-8.59884,150.41)	(-22882.5,-142742)	(-568.742,1348.21)	(1987.06,-3473.96)
4	4	(83431.1,0)	(-4507.91,9345.11)	(-4507.91,-9345.11)	(-3876.55,1327.89)	(-2.14738e+06,-735574)	(-41715.6,0)	(106848,0)
4	5	(69773.4,96725.6)	(-342353,0.0174276)	(-158273,-56022.2)	(-5849.88,11561.8)	(-687520,-5.1205e+06)	(-34886.7,-48362.8)	(113006,133398)
5	0	(-12.4923,-43.7527)	(-0.000394361,0.000328298)	(-52.3695,59.128)	(-4.73526e-05,6.55116e-05)	(301.42,11123.3)	(6.24613,21.8763)	(-13.2432,-54.8111)
5	1	(306.451,-355.495)	(13.3595,46.8143)	(-26.5453,482.904)	(-0.00226573,0.00235336)	(-148384,49645.9)	(-153.226,177.748)	(368.126,-426.661)
5	2	(403.885,-3360.2)	(-596.63,693.208)	(-6412.95,2194)	(7.13326,25.0241)	(-38201.6,237838)	(-201.942,1680.1)	(787.753,-4261.03)
5	3	(46661.8,-16407.2)	(-1201.56,9176.05)	(-5642.87,11673.4)	(-457.518,538.257)	(-6.66477e+06,1.2035)	(-23330.9,8203.58)	(58869.9,-20400.4)
5	4	(69773.4,-96725.6)	(-158273,56022.2)	(-342353,-0.0174276)	(-1241.15,9243.78)	(-3.24048e+06,-6.40454e+06)	(-34886.7,48362.8)	(113006,-133398)
5	5	(3.20769e+06,0)	(-307568,397059)	(-307568,-397059)	(-193819,68757)	(-1.07364e+08,-3.80873e+07)	(-1.60385e+06,0)	(4.78933e+06,0)
