#No recentering correction has been made! Must use full expression for cumulants!
#i	j	<z^i zbar^j>_eps	<z^i zbar^j>_U	<z^i zbar^j>_Ubar	<z^i zbar^j>_C	<z^i zbar^j>_T	<z^i zbar^j>_s
0	0	(220.437,0)	(4.92707e-09,1.11877e-08)	(4.92707e-09,-1.11877e-08)	(4.54582e-08,-6.86769e-09)	(1.00207e-05,1.51389e-06)	(-0.5,0)	(211.15,0)
0	1	(0.108781,-0.122337)	(-1.27171,1.84889e-08)	(1.30511e-07,8.54143e-09)	(5.062e-08,1.52256e-07)	(-7.61021e-06,1.91723e-05)	(-0.0543906,0.0611687)	(0.0431974,-0.235199)
0	2	(-0.486404,-0.480963)	(-0.276676,0.311154)	(-3.74179e-07,3.54706e-07)	(-0.80862,5.0489e-08)	(-2.15396e-05,-2.73831e-05)	(0.243202,0.240482)	(-0.383157,-0.502488)
0	3	(-3.83029,1.33516)	(1.85569,1.83493)	(-2.18904e-07,-1.8588e-06)	(-0.263888,0.296771)	(-4.11977e-06,1.50882e-05)	(1.91514,-0.66758)	(-3.63794,1.11967)
0	4	(5.05515,8.78814)	(19.484,-6.79176)	(-2.5931e-05,3.63323e-05)	(2.35991,2.3335)	(0.00224167,0.000245297)	(-2.52758,-4.39407)	(4.31818,7.59477)
0	5	(10.9107,-5.50494)	(-32.1579,-55.8797)	(6.60947e-05,-9.78526e-06)	(30.9724,-10.7965)	(0.00363126,-0.0103233)	(-5.45536,2.75247)	(10.4649,-2.5896)
1	0	(0.108781,0.122337)	(1.30511e-07,-8.54143e-09)	(-1.27171,-1.84889e-08)	(-3.45233e-08,-8.6974e-08)	(1.11585e-05,-3.35628e-05)	(-0.0543906,-0.0611687)	(0.0431974,0.235199)
1	1	(5.82571,0)	(-0.138337,-0.155577)	(-0.138337,0.155577)	(9.9974e-07,-1.12642e-07)	(0.000220379,2.48304e-05)	(-2.91286,0)	(5.33133,0)
1	2	(0.482246,-3.60359)	(-12.7605,3.23253e-07)	(0.618568,0.611644)	(-0.0879611,-0.0989209)	(-0.000158284,0.000436465)	(-0.241123,1.8018)	(-0.0158904,-4.07241)
1	3	(-7.9347,-8.42839)	(-1.16863,12.9933)	(4.87102,-1.6979)	(-11.5167,5.67165e-08)	(0.0273078,-0.00100498)	(3.96735,4.2142)	(-6.04754,-7.83465)
1	4	(-74.2842,26.755)	(34.3603,36.9388)	(-6.4309,-11.176)	(-1.20168,16.2037)	(-0.0117626,0.0167869)	(37.1421,-13.3775)	(-65.9598,21.8514)
1	5	(116.364,197.992)	(393.551,-142.676)	(-13.888,7.01385)	(51.4402,55.5745)	(0.104599,-0.000746962)	(-58.1821,-98.996)	(91.1005,168.648)
2	0	(-0.486404,0.480963)	(-3.74179e-07,-3.54706e-07)	(-0.276676,-0.311154)	(-9.77134e-08,1.24222e-07)	(-178.25,-1.11296e-05)	(0.243202,-0.240482)	(-0.383157,0.502488)
2	1	(0.482246,3.60359)	(0.618568,-0.611644)	(-12.7605,-3.23253e-07)	(-7.18049e-07,-1.98e-06)	(-19.3899,21.8058)	(-0.241123,-1.8018)	(-0.0158904,4.07241)
2	2	(64.1694,0)	(-0.779032,-8.66215)	(-0.779032,8.66215)	(0.393346,-0.388917)	(86.7079,85.7317)	(-32.0847,0)	(56.1863,0)
2	3	(0.989016,-81.6726)	(-186.209,2.08725e-06)	(17.1803,18.4694)	(-0.600672,-8.1017)	(682.757,-237.973)	(-0.494508,40.8363)	(-3.53475,-78.6545)
2	4	(-161.429,-178.713)	(1.08597,333.025)	(157.434,-57.0567)	(-212.619,-6.56787e-05)	(-892.081,-1566.52)	(80.7143,89.3564)	(-124.045,-158.192)
2	5	(-1663.72,631.252)	(764.785,853.66)	(-245.672,-413.207)	(4.56851,486.158)	(-1951.66,988.502)	(831.859,-315.626)	(-1451.73,512.567)
3	0	(-3.83029,-1.33516)	(-2.18904e-07,1.8588e-06)	(1.85569,-1.83493)	(-1.86891e-08,-6.84467e-08)	(-58.1706,-65.4193)	(1.91514,0.66758)	(-3.63794,-1.11967)
3	1	(-7.9347,8.42839)	(4.87102,1.6979)	(-1.16863,-12.9933)	(0.00012388,4.55903e-06)	(-2538.71,-1.25024e-05)	(3.96735,-4.2142)	(-6.04754,7.83465)
3	2	(0.989016,81.6726)	(17.1803,-18.4694)	(-186.209,-2.08725e-06)	(3.09729,1.07955)	(-132.41,1785.91)	(-0.494508,-40.8363)	(-3.53475,78.6545)
3	3	(1007.96,0)	(0.832253,-249.751)	(0.832253,249.751)	(15.433,-16.6723)	(3402,3675.2)	(-503.979,0)	(882.994,0)
3	4	(-35.9262,-1933.43)	(-3497.14,-0.000375243)	(458.878,512.197)	(2.79421,-291.643)	(30894.3,-11224.1)	(17.9631,966.713)	(-87.1394,-1758.43)
3	5	(-3893.86,-4365.45)	(194.271,8583.59)	(4568.04,-1757.75)	(-4727.35,-0.00565528)	(-45161.2,-80544.1)	(1946.93,2182.72)	(-3076.53,-3837.88)
4	0	(5.05515,-8.78814)	(-2.5931e-05,-3.63323e-05)	(19.484,6.79176)	(1.01692e-05,-1.11278e-06)	(520.21,-514.389)	(-2.52758,4.39407)	(4.31818,-7.59477)
4	1	(-74.2842,-26.755)	(-6.4309,11.176)	(34.3603,-36.9388)	(-5.33606e-05,-7.6153e-05)	(-264.894,-3571.9)	(37.1421,13.3775)	(-65.9598,-21.8514)
4	2	(-161.429,178.713)	(157.434,57.0567)	(1.08597,-333.025)	(-4.04688,7.10645)	(-46869,0.014478)	(80.7143,-89.3564)	(-124.045,158.192)
4	3	(-35.9262,1933.43)	(458.878,-512.197)	(-3497.14,0.000375243)	(140.15,50.9173)	(615.947,64288.9)	(17.9631,-966.713)	(-87.1394,1758.43)
4	4	(20963,0)	(162.289,-6860.02)	(162.289,6860.02)	(519.096,-581.543)	(114428,128193)	(-10481.5,0)	(21405.6,0)
4	5	(-1287.27,-49702.4)	(-82221.8,-0.0384299)	(13206.8,14813.8)	(246.565,-9394.54)	(1.12063e+06,-433692)	(643.636,24851.2)	(-2256.41,-44334)
5	0	(10.9107,5.50494)	(6.60947e-05,9.78526e-06)	(-32.1579,55.8797)	(1.6473e-05,4.68312e-05)	(6827.46,2379.95)	(-5.45536,-2.75247)	(10.4649,2.5896)
5	1	(116.364,-197.992)	(-13.888,-7.01385)	(393.551,142.676)	(0.000474509,3.38855e-06)	(11339.3,-12250.7)	(-58.1821,98.996)	(91.1005,-168.648)
5	2	(-1663.72,-631.252)	(-245.672,413.207)	(764.785,-853.66)	(-8.85359,-4.48429)	(1007.07,-107167)	(831.859,315.626)	(-1451.73,-512.567)
5	3	(-3893.86,4365.45)	(4568.04,1757.75)	(194.271,-8583.59)	(-204.872,365.384)	(-1.04208e+06,1.24663)	(1946.93,-2182.72)	(-3076.53,3837.88)
5	4	(-1287.27,49702.4)	(13206.8,-14813.8)	(-82221.8,0.0384299)	(5083.68,1967.42)	(54352.1,2.0709e+06)	(643.636,-24851.2)	(-2256.41,44334)
5	5	(817674,0)	(8099.18,-193518)	(8099.18,193518)	(17711,-19884.8)	(3.90415e+06,4.38334e+06)	(-408837,0)	(1.70841e+06,0)
