#No recentering correction has been made! Must use full expression for cumulants!
#i	j	<z^i zbar^j>_eps	<z^i zbar^j>_U	<z^i zbar^j>_Ubar	<z^i zbar^j>_C	<z^i zbar^j>_T	<z^i zbar^j>_s
0	0	(1956.67,0)	(2.13708e-09,-1.7618e-08)	(2.13708e-09,1.7618e-08)	(1.88876e-09,-1.58783e-09)	(3.69567e-06,3.10685e-06)	(-0.5,0)	(1456.11,0)
0	1	(-0.0518857,0.0839971)	(-1.80884,4.55866e-08)	(5.793e-09,9.86904e-09)	(-1.84197e-09,-8.58362e-11)	(5.89528e-06,-5.93822e-06)	(0.0259428,-0.0419985)	(-0.00585595,0.0757794)
0	2	(3.80712,1.07612)	(0.187706,-0.303875)	(-9.45024e-08,-1.9623e-07)	(-1.63596,1.07374e-08)	(0.000387952,-1.03423e-05)	(-1.90356,-0.538062)	(3.83945,0.422352)
0	3	(6.29413,-9.57521)	(-20.6595,-5.83962)	(4.64924e-07,1.59851e-06)	(0.254649,-0.412248)	(3.64152e-05,-9.95228e-05)	(-3.14706,4.7876)	(3.67397,-7.06879)
0	4	(-97.5474,24.7015)	(-45.5404,69.2803)	(-4.47861e-06,-7.70753e-06)	(-37.3698,-10.563)	(0.0128078,-0.00175391)	(48.7737,-12.3507)	(-23.7293,19.5388)
0	5	(336.892,-215.359)	(882.239,-223.405)	(7.09817e-06,6.26215e-05)	(-102.969,156.647)	(-0.00480684,-0.0907222)	(-168.446,107.68)	(136.978,-142.475)
1	0	(-0.0518857,-0.0839971)	(5.793e-09,-9.86904e-09)	(-1.80884,-4.55866e-08)	(3.01292e-09,3.03486e-09)	(-3.60413e-06,1.67953e-07)	(0.0259428,0.0419985)	(-0.00585595,-0.0757794)
1	1	(15.7347,0)	(0.0938533,0.151937)	(0.0938533,-0.151937)	(7.27117e-08,-7.29669e-08)	(0.000142273,0.000142772)	(-7.86736,0)	(12.3413,0)
1	2	(-5.10775,-1.40634)	(-51.0049,1.60532e-06)	(-6.88649,-1.94654)	(0.0848829,0.137416)	(0.000246037,8.99393e-05)	(2.55388,0.70317)	(-1.63308,-0.664474)
1	3	(125.567,47.8651)	(26.7961,9.12294)	(-11.3851,17.3201)	(-66.5186,-7.14975e-07)	(0.0573837,-0.000901894)	(-62.7835,-23.9326)	(100.636,18.1167)
1	4	(288.003,-553.946)	(-773.333,-308.109)	(176.448,-44.681)	(47.9146,17.4012)	(-0.0202101,-0.0128091)	(-144.001,276.973)	(128.615,-287.207)
1	5	(-4382.66,1187.9)	(-2232.25,4443.31)	(-609.386,389.552)	(-1646.66,-667.85)	(0.697926,0.0516665)	(2191.33,-593.948)	(-1000.77,779.345)
2	0	(3.80712,-1.07612)	(-9.45024e-08,1.9623e-07)	(0.187706,0.303875)	(1.98272e-07,5.28568e-09)	(-3201.03,-2.10095e-05)	(-1.90356,0.538062)	(3.83945,-0.422352)
2	1	(-5.10775,1.40634)	(-6.88649,1.94654)	(-51.0049,-1.60532e-06)	(1.25743e-07,-4.59655e-08)	(166.088,-268.877)	(2.55388,-0.70317)	(-1.63308,0.664474)
2	2	(421.207,0)	(17.8641,-6.08197)	(17.8641,6.08197)	(-6.22829,1.76049)	(-12186.7,-3444.7)	(-210.604,0)	(264.37,0)
2	3	(-289.254,-215.552)	(-1804.4,7.01821e-05)	(-386.667,-154.054)	(23.9573,-8.7006)	(-20147.7,30650.5)	(144.627,107.776)	(-87.0107,-89.4616)
2	4	(4875.59,2422.34)	(1746.18,1433.7)	(-892.9,1777.33)	(-2979.52,-5.18666e-05)	(312266,-79070.1)	(-2437.79,-1211.17)	(3240.84,862.986)
2	5	(13910.3,-31385.9)	(-32181.7,-17076.1)	(12968.2,-3566.47)	(3688.45,3144.32)	(-1.07841e+06,689374)	(-6955.15,15693)	(5267.48,-13382)
3	0	(6.29413,9.57521)	(4.64924e-07,-1.59851e-06)	(-20.6595,5.83962)	(1.86108e-08,5.08634e-08)	(498.263,806.631)	(-3.14706,-4.7876)	(3.67397,7.06879)
3	1	(125.567,-47.8651)	(-11.3851,-17.3201)	(26.7961,-9.12294)	(2.93273e-05,4.60934e-07)	(-130155,0.00139897)	(-62.7835,23.9326)	(100.636,-18.1167)
3	2	(-289.254,215.552)	(-386.667,154.054)	(-1804.4,-7.01821e-05)	(-10.2969,-15.6647)	(46876.5,17024.2)	(144.627,-107.776)	(-87.0107,89.4616)
3	3	(14651.4,0)	(1309.64,-1075.27)	(1309.64,1075.27)	(-493.997,200.355)	(-966588,-392028)	(-7325.7,0)	(7679.36,0)
3	4	(-15919,-15695)	(-73670,0.00338093)	(-19309,-10245.6)	(2213.07,-1886.59)	(-2.23834e+06,4.5173e+06)	(7959.52,7847.5)	(-4541.58,-5766.4)
3	5	(211732,132724)	(103944,107824)	(-54792.2,128557)	(-143345,-0.00244176)	(3.1874e+07,-8.82035e+06)	(-105866,-66362.1)	(121413,44558.6)
4	0	(-97.5474,-24.7015)	(-4.47861e-06,7.70753e-06)	(-45.5404,-69.2803)	(6.54573e-06,8.96377e-07)	(-73120.2,20668.2)	(48.7737,12.3507)	(-23.7293,-19.5388)
4	1	(288.003,553.946)	(176.448,44.681)	(-773.333,308.109)	(-1.03288e-05,6.54637e-06)	(93752.9,-34048.3)	(-144.001,-276.973)	(128.615,287.207)
4	2	(4875.59,-2422.34)	(-892.9,-1777.33)	(1746.18,-1433.7)	(159.591,40.4106)	(-5.82993e+06,0.101486)	(-2437.79,1211.17)	(3240.84,-862.986)
4	3	(-15919,15695)	(-19309,10245.6)	(-73670,-0.00338093)	(-1143.96,-2308.67)	(4.33024e+06,3.69144e+06)	(7959.52,-7847.5)	(-4541.58,5766.4)
4	4	(598869,0)	(83155.9,-86258.4)	(83155.9,86258.4)	(-30750.2,16822.3)	(-6.01679e+07,-3.29157e+07)	(-299435,0)	(274076,0)
4	5	(-896057,-991083)	(-3.34136e+06,0.176579)	(-975738,-656020)	(164730,-174783)	(-1.70234e+08,4.06827e+08)	(448029,495542)	(-249447,-337567)
5	0	(336.892,215.359)	(7.09817e-06,-6.26215e-05)	(882.239,223.405)	(-2.45665e-06,4.63657e-05)	(-201477,-306505)	(-168.446,-107.68)	(136.978,142.475)
5	1	(-4382.66,-1187.9)	(-609.386,-389.552)	(-2232.25,-4443.31)	(0.000356691,-2.64053e-05)	(-3.22196e+06,1.30676e+06)	(2191.33,593.948)	(-1000.77,-779.345)
5	2	(13910.3,31385.9)	(12968.2,3566.47)	(-32181.7,17076.1)	(-551.145,-352.321)	(7.21706e+06,-6.1524e+06)	(-6955.15,-15693)	(5267.48,13382)
5	3	(211732,-132724)	(-54792.2,-128557)	(103944,-107824)	(16289.9,4507.84)	(-2.80478e+08,4.77772)	(-105866,66362.1)	(121413,-44558.6)
5	4	(-896057,991083)	(-975738,656020)	(-3.34136e+06,-0.176579)	(-87002.1,-207918)	(3.22322e+08,3.41991e+08)	(448029,-495542)	(-249447,337567)
5	5	(2.74174e+07,0)	(5.12464e+06,-5.80182e+06)	(5.12464e+06,5.80182e+06)	(-1.81491e+06,1.26546e+06)	(-3.55117e+09,-2.47609e+09)	(-1.37087e+07,0)	(1.15323e+07,0)
