1 7.24278 3.72406 3.72406 3.72406 3.72406 3.72406 3.72406 3.72406 3.72406 3.72406 3.72406 3.72406 3.72406 3.72406 3.72406 3.72406 3.72406 3.72406 3.72406 3.72406 3.72406 3.72406 3.72406 3.72406 3.72406 3.72406 3.72406 3.72406 3.72406 3.72406 3.72406 3.72406 3.72406 3.72406 3.72406 3.72406 3.72406 3.72406 3.72406 3.72406 3.72406 3.72406 3.72406 3.72406 3.72406 3.72406 3.72406 3.72406 3.72406 3.72406 3.72406 3.72406 3.72406 3.72406 3.72406 3.72406 3.72406 3.72406 3.72406 3.72406 3.72406 3.72406 3.72406 3.72406 3.72406 3.72406 3.72406 3.72406 3.72406 3.72406 3.72406 3.72406 3.72406 3.72406 3.72406 3.72406 3.72406 3.72406 3.72406 3.72406 3.72406 3.72406 3.72406 3.72406 3.72406 3.72406 3.72406 3.72406 3.72406 3.72406 3.72406 3.72406 3.72406 3.72406 3.72406 3.72406 3.72406 3.72406 3.72406 3.72406 3.72406 3.72406 3.72406 3.72406 3.72406 3.72406 3.72406 3.72406 3.72406 3.72406 3.72406 3.72406 3.72406 3.72406 3.72406 3.72406 3.72406 3.72406 3.72406 3.72406 3.72406 3.72406 3.72406 3.72406 3.72406 7.46166 
7.24299 2.00948 1.30726 1.19972 1.19972 1.19972 1.19972 1.19972 1.19972 1.19972 1.19972 1.19972 1.19972 1.19972 1.19972 1.19972 1.19972 1.19972 1.19972 1.19972 1.19972 1.19972 1.19972 1.19972 1.19972 1.19972 1.19972 1.19972 1.19972 1.19972 1.19972 1.19972 1.19972 1.19972 1.19972 1.19972 1.19972 1.19972 1.19972 1.19972 1.19972 1.19972 1.19972 1.19972 1.19972 1.19972 1.19972 1.19972 1.19972 1.19972 1.19972 1.19972 1.19972 1.19972 1.19972 1.19972 1.19972 1.19972 1.19972 1.19972 1.19972 1.19972 1.19972 1.19972 1.19972 1.19972 1.19972 1.19972 1.19972 1.19972 1.19972 1.19972 1.19972 1.19972 1.19972 1.19972 1.19972 1.19972 1.19972 1.19972 1.19972 1.19972 1.19972 1.19972 1.19972 1.19972 1.19972 1.19972 1.19972 1.19972 1.19972 1.19972 1.19972 1.19972 1.19972 1.19972 1.19972 1.19972 1.19972 1.19972 1.19972 1.19972 1.19972 1.19972 1.19972 1.19972 1.19972 1.19972 1.19972 1.19972 1.19972 1.19972 1.19972 1.19972 1.19972 1.19972 1.19972 1.19972 1.19972 1.19972 1.19972 1.19972 1.19972 1.19972 1.19972 1.30726 2.0236 
3.72406 1.30726 1.01398 1.00529 1.00529 1.00529 1.00529 1.00529 1.00529 1.00529 1.00529 1.00529 1.00529 1.00529 1.00529 1.00529 1.00529 1.00529 1.00529 1.00529 1.00529 1.00529 1.00529 1.00529 1.00529 1.00529 1.00529 1.00529 1.00529 1.00529 1.00529 1.00529 1.00529 1.00529 1.00529 1.00529 1.00529 1.00529 1.00529 1.00529 1.00529 1.00529 1.00529 1.00529 1.00529 1.00529 1.00529 1.00529 1.00529 1.00529 1.00529 1.00529 1.00529 1.00529 1.00529 1.00529 1.00529 1.00529 1.00529 1.00529 1.00529 1.00529 1.00529 1.00529 1.00529 1.00529 1.00529 1.00529 1.00529 1.00529 1.00529 1.00529 1.00529 1.00529 1.00529 1.00529 1.00529 1.00529 1.00529 1.00529 1.00529 1.00529 1.00529 1.00529 1.00529 1.00529 1.00529 1.00529 1.00529 1.00529 1.00529 1.00529 1.00529 1.00529 1.00529 1.00529 1.00529 1.00529 1.00529 1.00529 1.00529 1.00529 1.00529 1.00529 1.00529 1.00529 1.00529 1.00529 1.00529 1.00529 1.00529 1.00529 1.00529 1.00529 1.00529 1.00529 1.00529 1.00529 1.00529 1.00529 1.00529 1.00529 1.00529 1.00529 1.00529 1.01398 1.31122 
3.72406 1.19972 1.00529 1 1 1 1 1 1 1 1 1 1 1 1 1 1 1 1 1 1 1 1 1 1 1 1 1 1 1 1 1 1 1 1 1 1 1 1 1 1 1 1 1 1 1 1 1 1 1 1 1 1 1 1 1 1 1 1 1 1 1 1 1 1 1 1 1 1 1 1 1 1 1 1 1 1 1 1 1 1 1 1 1 1 1 1 1 1 1 1 1 1 1 1 1 1 1 1 1 1 1 1 1 1 1 1 1 1 1 1 1 1 1 1 1 1 1 1 1 1 1 1 1 1 1.00529 1.20513 
3.72406 1.19972 1.00529 1 1 1 1 1 1 1 1 1 1 1 1 1 1 1 1 1 1 1 1 1 1 1 1 1 1 1 1 1 1 1 1 1 1 1 1 1 1 1 1 1 1 1 1 1 1 1 1 1 1 1 1 1 1 1 1 1 1 1 1 1 1 1 1 1 1 1 1 1 1 1 1 1 1 1 1 1 1 1 1 1 1 1 1 1 1 1 1 1 1 1 1 1 1 1 1 1 1 1 1 1 1 1 1 1 1 1 1 1 1 1 1 1 1 1 1 1 1 1 1 1 1 1.00529 1.20513 
3.72406 1.19972 1.00529 1 1 1 1 1 1 1 1 1 1 1 1 1 1 1 1 1 1 1 1 1 1 1 1 1 1 1 1 1 1 1 1 1 1 1 1 1 1 1 1 1 1 1 1 1 1 1 1 1 1 1 1 1 1 1 1 1 1 1 1 1 1 1 1 1 1 1 1 1 1 1 1 1 1 1 1 1 1 1 1 1 1 1 1 1 1 1 1 1 1 1 1 1 1 1 1 1 1 1 1 1 1 1 1 1 1 1 1 1 1 1 1 1 1 1 1 1 1 1 1 1 1 1.00529 1.20513 
3.72406 1.19972 1.00529 1 1 1 1 1 1 1 1 1 1 1 1 1 1 1 1 1 1 1 1 1 1 1 1 1 1 1 1 1 1 1 1 1 1 1 1 1 1 1 1 1 1 1 1 1 1 1 1 1 1 1 1 1 1 1 1 1 1 1 1 1 1 1 1 1 1 1 1 1 1 1 1 1 1 1 1 1 1 1 1 1 1 1 1 1 1 1 1 1 1 1 1 1 1 1 1 1 1 1 1 1 1 1 1 1 1 1 1 1 1 1 1 1 1 1 1 1 1 1 1 1 1 1.00529 1.20513 
3.72406 1.19972 1.00529 1 1 1 1 1 1 1 1 1 1 1 1 1 1 1 1 1 1 1 1 1 1 1 1 1 1 1 1 1 1 1 1 1 1 1 1 1 1 1 1 1 1 1 1 1 1 1 1 1 1 1 1 1 1 1 1 1 1 1 1 1 1 1 1 1 1 1 1 1 1 1 1 1 1 1 1 1 1 1 1 1 1 1 1 1 1 1 1 1 1 1 1 1 1 1 1 1 1 1 1 1 1 1 1 1 1 1 1 1 1 1 1 1 1 1 1 1 1 1 1 1 1 1.00529 1.20513 
3.72406 1.19972 1.00529 1 1 1 1 1 1 1 1 1 1 1 1 1 1 1 1 1 1 1 1 1 1 1 1 1 1 1 1 1 1 1 1 1 1 1 1 1 1 1 1 1 1 1 1 1 1 1 1 1 1 1 1 1 1 1 1 1 1 1 1 1 1 1 1 1 1 1 1 1 1 1 1 1 1 1 1 1 1 1 1 1 1 1 1 1 1 1 1 1 1 1 1 1 1 1 1 1 1 1 1 1 1 1 1 1 1 1 1 1 1 1 1 1 1 1 1 1 1 1 1 1 1 1.00529 1.20513 
3.72406 1.19972 1.00529 1 1 1 1 1 1 1 1 1 1 1 1 1 1 1 1 1 1 1 1 1 1 1 1 1 1 1 1 1 1 1 1 1 1 1 1 1 1 1 1 1 1 1 1 1 1 1 1 1 1 1 1 1 1 1 1 1 1 1 1 1 1 1 1 1 1 1 1 1 1 1 1 1 1 1 1 1 1 1 1 1 1 1 1 1 1 1 1 1 1 1 1 1 1 1 1 1 1 1 1 1 1 1 1 1 1 1 1 1 1 1 1 1 1 1 1 1 1 1 1 1 1 1.00529 1.20513 
3.72406 1.19972 1.00529 1 1 1 1 1 1 1 1 1 1 1 1 1 1 1 1 1 1 1 1 1 1 1 1 1 1 1 1 1 1 1 1 1 1 1 1 1 1 1 1 1 1 1 1 1 1 1 1 1 1 1 1 1 1 1 1 1 1 1 1 1 1 1 1 1 1 1 1 1 1 1 1 1 1 1 1 1 1 1 1 1 1 1 1 1 1 1 1 1 1 1 1 1 1 1 1 1 1 1 1 1 1 1 1 1 1 1 1 1 1 1 1 1 1 1 1 1 1 1 1 1 1 1.00529 1.20513 
3.72406 1.19972 1.00529 1 1 1 1 1 1 1 1 1 1 1 1 1 1 1 1 1 1 1 1 1 1 1 1 1 1 1 1 1 1 1 1 1 1 1 1 1 1 1 1 1 1 1 1 1 1 1 1 1 1 1 1 1 1 1 1 1 1 1 1 1 1 1 1 1 1 1 1 1 1 1 1 1 1 1 1 1 1 1 1 1 1 1 1 1 1 1 1 1 1 1 1 1 1 1 1 1 1 1 1 1 1 1 1 1 1 1 1 1 1 1 1 1 1 1 1 1 1 1 1 1 1 1.00529 1.20513 
3.72406 1.19972 1.00529 1 1 1 1 1 1 1 1 1 1 1 1 1 1 1 1 1 1 1 1 1 1 1 1 1 1 1 1 1 1 1 1 1 1 1 1 1 1 1 1 1 1 1 1 1 1 1 1 1 1 1 1 1 1 1 1 1 1 1 1 1 1 1 1 1 1 1 1 1 1 1 1 1 1 1 1 1 1 1 1 1 1 1 1 1 1 1 1 1 1 1 1 1 1 1 1 1 1 1 1 1 1 1 1 1 1 1 1 1 1 1 1 1 1 1 1 1 1 1 1 1 1 1.00529 1.20513 
3.72406 1.19972 1.00529 1 1 1 1 1 1 1 1 1 1 1 1 1 1 1 1 1 1 1 1 1 1 1 1 1 1 1 1 1 1 1 1 1 1 1 1 1 1 1 1 1 1 1 1 1 1 1 1 1 1 1 1 1 1 1 1 1 1 1 1 1 1 1 1 1 1 1 1 1 1 1 1 1 1 1 1 1 1 1 1 1 1 1 1 1 1 1 1 1 1 1 1 1 1 1 1 1 1 1 1 1 1 1 1 1 1 1 1 1 1 1 1 1 1 1 1 1 1 1 1 1 1 1.00529 1.20513 
3.72406 1.19972 1.00529 1 1 1 1 1 1 1 1 1 1 1 1 1 1 1 1 1 1 1 1 1 1 1 1 1 1 1 1 1 1 1 1 1 1 1 1 1 1 1 1 1 1 1 1 1 1 1 1 1 1 1 1 1 1 1 1 1 1 1 1 1 1 1 1 1 1 1 1 1 1 1 1 1 1 1 1 1 1 1 1 1 1 1 1 1 1 1 1 1 1 1 1 1 1 1 1 1 1 1 1 1 1 1 1 1 1 1 1 1 1 1 1 1 1 1 1 1 1 1 1 1 1 1.00529 1.20513 
3.72406 1.19972 1.00529 1 1 1 1 1 1 1 1 1 1 1 1 1 1 1 1 1 1 1 1 1 1 1 1 1 1 1 1 1 1 1 1 1 1 1 1 1 1 1 1 1 1 1 1 1 1 1 1 1 1 1 1 1 1 1 1 1 1 1 1 1 1 1 1 1 1 1 1 1 1 1 1 1 1 1 1 1 1 1 1 1 1 1 1 1 1 1 1 1 1 1 1 1 1 1 1 1 1 1 1 1 1 1 1 1 1 1 1 1 1 1 1 1 1 1 1 1 1 1 1 1 1 1.00529 1.20513 
3.72406 1.19972 1.00529 1 1 1 1 1 1 1 1 1 1 1 1 1 1 1 1 1 1 1 1 1 1 1 1 1 1 1 1 1 1 1 1 1 1 1 1 1 1 1 1 1 1 1 1 1 1 1 1 1 1 1 1 1 1 1 1 1 1 1 1 1 1 1 1 1 1 1 1 1 1 1 1 1 1 1 1 1 1 1 1 1 1 1 1 1 1 1 1 1 1 1 1 1 1 1 1 1 1 1 1 1 1 1 1 1 1 1 1 1 1 1 1 1 1 1 1 1 1 1 1 1 1 1.00529 1.20513 
3.72406 1.19972 1.00529 1 1 1 1 1 1 1 1 1 1 1 1 1 1 1 1 1 1 1 1 1 1 1 1 1 1 1 1 1 1 1 1 1 1 1 1 1 1 1 1 1 1 1 1 1 1 1 1 1 1 1 1 1 1 1 1 1 1 1 1 1 1 1 1 1 1 1 1 1 1 1 1 1 1 1 1 1 1 1 1 1 1 1 1 1 1 1 1 1 1 1 1 1 1 1 1 1 1 1 1 1 1 1 1 1 1 1 1 1 1 1 1 1 1 1 1 1 1 1 1 1 1 1.00529 1.20513 
3.72406 1.19972 1.00529 1 1 1 1 1 1 1 1 1 1 1 1 1 1 1 1 1 1 1 1 1 1 1 1 1 1 1 1 1 1 1 1 1 1 1 1 1 1 1 1 1 1 1 1 1 1 1 1 1 1 1 1 1 1 1 1 1 1 1 1 1 1 1 1 1 1 1 1 1 1 1 1 1 1 1 1 1 1 1 1 1 1 1 1 1 1 1 1 1 1 1 1 1 1 1 1 1 1 1 1 1 1 1 1 1 1 1 1 1 1 1 1 1 1 1 1 1 1 1 1 1 1 1.00529 1.20513 
3.72406 1.19972 1.00529 1 1 1 1 1 1 1 1 1 1 1 1 1 1 1 1 1 1 1 1 1 1 1 1 1 1 1 1 1 1 1 1 1 1 1 1 1 1 1 1 1 1 1 1 1 1 1 1 1 1 1 1 1 1 1 1 1 1 1 1 1 1 1 1 1 1 1 1 1 1 1 1 1 1 1 1 1 1 1 1 1 1 1 1 1 1 1 1 1 1 1 1 1 1 1 1 1 1 1 1 1 1 1 1 1 1 1 1 1 1 1 1 1 1 1 1 1 1 1 1 1 1 1.00529 1.20513 
3.72406 1.19972 1.00529 1 1 1 1 1 1 1 1 1 1 1 1 1 1 1 1 1 1 1 1 1 1 1 1 1 1 1 1 1 1 1 1 1 1 1 1 1 1 1 1 1 1 1 1 1 1 1 1 1 1 1 1 1 1 1 1 1 1 1 1 1 1 1 1 1 1 1 1 1 1 1 1 1 1 1 1 1 1 1 1 1 1 1 1 1 1 1 1 1 1 1 1 1 1 1 1 1 1 1 1 1 1 1 1 1 1 1 1 1 1 1 1 1 1 1 1 1 1 1 1 1 1 1.00529 1.20513 
3.72406 1.19972 1.00529 1 1 1 1 1 1 1 1 1 1 1 1 1 1 1 1 1 1 1 1 1 1 1 1 1 1 1 1 1 1 1 1 1 1 1 1 1 1 1 1 1 1 1 1 1 1 1 1 1 1 1 1 1 1 1 1 1 1 1 1 1 1 1 1 1 1 1 1 1 1 1 1 1 1 1 1 1 1 1 1 1 1 1 1 1 1 1 1 1 1 1 1 1 1 1 1 1 1 1 1 1 1 1 1 1 1 1 1 1 1 1 1 1 1 1 1 1 1 1 1 1 1 1.00529 1.20513 
3.72406 1.19972 1.00529 1 1 1 1 1 1 1 1 1 1 1 1 1 1 1 1 1 1 1 1 1 1 1 1 1 1 1 1 1 1 1 1 1 1 1 1 1 1 1 1 1 1 1 1 1 1 1 1 1 1 1 1 1 1 1 1 1 1 1 1 1 1 1 1 1 1 1 1 1 1 1 1 1 1 1 1 1 1 1 1 1 1 1 1 1 1 1 1 1 1 1 1 1 1 1 1 1 1 1 1 1 1 1 1 1 1 1 1 1 1 1 1 1 1 1 1 1 1 1 1 1 1 1.00529 1.20513 
3.72406 1.19972 1.00529 1 1 1 1 1 1 1 1 1 1 1 1 1 1 1 1 1 1 1 1 1 1 1 1 1 1 1 1 1 1 1 1 1 1 1 1 1 1 1 1 1 1 1 1 1 1 1 1 1 1 1 1 1 1 1 1 1 1 1 1 1 1 1 1 1 1 1 1 1 1 1 1 1 1 1 1 1 1 1 1 1 1 1 1 1 1 1 1 1 1 1 1 1 1 1 1 1 1 1 1 1 1 1 1 1 1 1 1 1 1 1 1 1 1 1 1 1 1 1 1 1 1 1.00529 1.20513 
3.72406 1.19972 1.00529 1 1 1 1 1 1 1 1 1 1 1 1 1 1 1 1 1 1 1 1 1 1 1 1 1 1 1 1 1 1 1 1 1 1 1 1 1 1 1 1 1 1 1 1 1 1 1 1 1 1 1 1 1 1 1 1 1 1 1 1 1 1 1 1 1 1 1 1 1 1 1 1 1 1 1 1 1 1 1 1 1 1 1 1 1 1 1 1 1 1 1 1 1 1 1 1 1 1 1 1 1 1 1 1 1 1 1 1 1 1 1 1 1 1 1 1 1 1 1 1 1 1 1.00529 1.20513 
3.72406 1.19972 1.00529 1 1 1 1 1 1 1 1 1 1 1 1 1 1 1 1 1 1 1 1 1 1 1 1 1 1 1 1 1 1 1 1 1 1 1 1 1 1 1 1 1 1 1 1 1 1 1 1 1 1 1 1 1 1 1 1 1 1 1 1 1 1 1 1 1 1 1 1 1 1 1 1 1 1 1 1 1 1 1 1 1 1 1 1 1 1 1 1 1 1 1 1 1 1 1 1 1 1 1 1 1 1 1 1 1 1 1 1 1 1 1 1 1 1 1 1 1 1 1 1 1 1 1.00529 1.20513 
3.72406 1.19972 1.00529 1 1 1 1 1 1 1 1 1 1 1 1 1 1 1 1 1 1 1 1 1 1 1 1 1 1 1 1 1 1 1 1 1 1 1 1 1 1 1 1 1 1 1 1 1 1 1 1 1 1 1 1 1 1 1 1 1 1 1 1 1 1 1 1 1 1 1 1 1 1 1 1 1 1 1 1 1 1 1 1 1 1 1 1 1 1 1 1 1 1 1 1 1 1 1 1 1 1 1 1 1 1 1 1 1 1 1 1 1 1 1 1 1 1 1 1 1 1 1 1 1 1 1.00529 1.20513 
3.72406 1.19972 1.00529 1 1 1 1 1 1 1 1 1 1 1 1 1 1 1 1 1 1 1 1 1 1 1 1 1 1 1 1 1 1 1 1 1 1 1 1 1 1 1 1 1 1 1 1 1 1 1 1 1 1 1 1 1 1 1 1 1 1 1 1 1 1 1 1 1 1 1 1 1 1 1 1 1 1 1 1 1 1 1 1 1 1 1 1 1 1 1 1 1 1 1 1 1 1 1 1 1 1 1 1 1 1 1 1 1 1 1 1 1 1 1 1 1 1 1 1 1 1 1 1 1 1 1.00529 1.20513 
3.72406 1.19972 1.00529 1 1 1 1 1 1 1 1 1 1 1 1 1 1 1 1 1 1 1 1 1 1 1 1 1 1 1 1 1 1 1 1 1 1 1 1 1 1 1 1 1 1 1 1 1 1 1 1 1 1 1 1 1 1 1 1 1 1 1 1 1 1 1 1 1 1 1 1 1 1 1 1 1 1 1 1 1 1 1 1 1 1 1 1 1 1 1 1 1 1 1 1 1 1 1 1 1 1 1 1 1 1 1 1 1 1 1 1 1 1 1 1 1 1 1 1 1 1 1 1 1 1 1.00529 1.20513 
3.72406 1.19972 1.00529 1 1 1 1 1 1 1 1 1 1 1 1 1 1 1 1 1 1 1 1 1 1 1 1 1 1 1 1 1 1 1 1 1 1 1 1 1 1 1 1 1 1 1 1 1 1 1 1 1 1 1 1 1 1 1 1 1 1 1 1 1 1 1 1 1 1 1 1 1 1 1 1 1 1 1 1 1 1 1 1 1 1 1 1 1 1 1 1 1 1 1 1 1 1 1 1 1 1 1 1 1 1 1 1 1 1 1 1 1 1 1 1 1 1 1 1 1 1 1 1 1 1 1.00529 1.20513 
3.72406 1.19972 1.00529 1 1 1 1 1 1 1 1 1 1 1 1 1 1 1 1 1 1 1 1 1 1 1 1 1 1 1 1 1 1 1 1 1 1 1 1 1 1 1 1 1 1 1 1 1 1 1 1 1 1 1 1 1 1 1 1 1 1 1 1 1 1 1 1 1 1 1 1 1 1 1 1 1 1 1 1 1 1 1 1 1 1 1 1 1 1 1 1 1 1 1 1 1 1 1 1 1 1 1 1 1 1 1 1 1 1 1 1 1 1 1 1 1 1 1 1 1 1 1 1 1 1 1.00529 1.20513 
3.72406 1.19972 1.00529 1 1 1 1 1 1 1 1 1 1 1 1 1 1 1 1 1 1 1 1 1 1 1 1 1 1 1 1 1 1 1 1 1 1.00001 1.00001 1.00001 1.00001 1.00001 1.00001 1.00001 1.00001 1.00001 1.00001 1.00001 1 1 1 1 1 1 1 1 1 1 1 1 1 1 1 1 1 1 1 1 1 1 1 1 1 1 1 1 1 1 1 1 1 1 1 1 1 1 1 1 1 1 1 1 1 1 1 1 1 1 1 1 1 1 1 1 1 1 1 1 1 1 1 1 1 1 1 1 1 1 1 1 1 1 1 1 1 1 1.00529 1.20513 
3.72406 1.19972 1.00529 1 1 1 1 1 1 1 1 1 1 1 1 1 1 1 1 1 1 1 1 1 1 1 1 1 1 1 1 1 1 1.00001 1.00005 1.00006 1.00009 1.00011 1.00015 1.00018 1.0002 1.00021 1.0002 1.00018 1.00015 1.00011 1.00009 1.00006 1.00005 1.00001 1 1 1 1 1 1 1 1 1 1 1 1 1 1 1 1 1 1 1 1 1 1 1 1 1 1 1 1 1 1 1 1 1 1 1 1 1 1 1 1 1 1 1 1 1 1 1 1 1 1 1 1 1 1 1 1 1 1 1 1 1 1 1 1 1 1 1 1 1 1 1 1 1 1 1 1.00529 1.20513 
3.72406 1.19972 1.00529 1 1 1 1 1 1 1 1 1 1 1 1 1 1 1 1 1 1 1 1 1 1 1 1 1 1 1 1.00001 1.00005 1.00007 1.00019 1.0006 1.0008 1.00101 1.00128 1.00165 1.00195 1.00215 1.00222 1.00215 1.00193 1.00164 1.00127 1.00099 1.00079 1.00059 1.00019 1.00007 1.00005 1.00001 1 1 1 1 1 1 1 1 1 1 1 1.00001 1 1.00001 1 1 1 1 1 1 1 1 1 1 1 1 1 1 1 1 1 1 1 1 1 1 1 1 1 1 1 1 1 1 1 1 1 1 1 1 1 1 1 1 1 1 1 1 1 1 1 1 1 1 1 1 1 1 1 1 1 1 1.00529 1.20513 
3.72406 1.19972 1.00529 1 1 1 1 1 1 1 1 1 1 1 1 1 1 1 1 1 1 1 1 1 1 1 1 1 1.00001 1.00005 1.00015 1.00063 1.00086 1.00197 1.00043 1.00197 1.00053 1.00077 1.001 1.00119 1.00131 1.00134 1.00131 1.00118 1.00099 1.00077 1.00053 1.00196 1.00042 1.00197 1.00087 1.00062 1.00017 1.00006 1.00001 1 1 1 1 1.00001 1 1.00004 1.00004 1.00006 1.00011 1.00006 1.00013 1.00002 1.00003 1.00004 1.00004 1.00004 1.00005 1.00005 1.00005 1.00002 1.00001 1.00001 1.00001 1 1 1 1 1 1 1 1 1 1 1 1 1 1 1 1 1 1 1 1 1 1 1 1 1 1 1 1 1 1 1 1 1 1 1 1 1 1 1 1 1 1 1 1 1 1 1.00529 1.20513 
3.72406 1.19972 1.00529 1 1 1 1 1 1 1 1 1 1 1 1 1 1 1 1 1 1 1 1 1 1 1 1.00001 1.00004 1.00013 1.00059 1.00169 1.00023 1.00166 1.00118 1.03046 1.04007 1.0514 1.05527 1.05997 1.0626 1.06462 1.06509 1.06456 1.0627 1.05978 1.05499 1.05113 1.03944 1.03024 1.00121 1.00173 1.00033 1.0018 1.0007 1.00012 1.00001 1.00003 1.00002 1.00001 1.0001 1.00006 1.00057 1.00058 1.00103 1.00107 1.00101 1.00225 1.00029 1.00034 1.00045 1.00053 1.00054 1.0006 1.00074 1.0006 1.00032 1.00018 1.0001 1.00015 1.00002 1.00001 1.00001 1 1 1 1 1 1 1 1 1 1 1 1 1 1 1 1 1 1 1 1 1 1 1 1 1 1 1 1 1 1 1 1 1 1 1 1 1 1 1 1 1 1 1 1.00529 1.20513 
3.72406 1.19972 1.00529 1 1 1 1 1 1 1 1 1 1 1 1 1 1 1 1 1 1 1 1 1 1 1.00001 1.00009 1.00045 1.0014 1.00023 1.00226 1.03476 1.04768 1.06785 1.01173 1.03149 1.01018 1.01049 1.01027 1.01016 1.01013 1.01012 1.01012 1.01017 1.01027 1.01052 1.01021 1.03206 1.01169 1.0682 1.04518 1.03276 1.00247 1.00036 1.00154 1.00017 1.00053 1.00024 1.00014 1.00174 1.00072 1.00608 1.00722 1.01394 1.02208 1.01191 1.01121 1.00013 1.00019 1.00009 1.00014 1.00014 1.00014 1.00277 1.00083 1.0031 1.00198 1.00131 1.00171 1.00038 1.00017 1.00011 1.00002 1 1 1 1 1 1 1 1 1 1 1 1 1 1 1 1 1 1 1 1 1 1 1 1 1 1 1 1 1 1 1 1 1 1 1 1 1 1 1 1 1 1 1.00529 1.20513 
3.72406 1.19972 1.00529 1 1 1 1 1 1 1 1 1 1 1 1 1 1 1 1 1 1 1 1 1 1.00002 1.00014 1.00106 1.00143 1.00168 1.03477 1.07482 1.01027 1.03638 1.01833 1.28236 1.43254 1.41667 1.4179 1.42044 1.42165 1.42243 1.42268 1.42251 1.4218 1.42063 1.41824 1.41713 1.43059 1.28277 1.01867 1.03623 1.01238 1.08555 1.04573 1.00312 1.00189 1.00465 1.00238 1.00158 1.01164 1.00232 1.00533 1.00796 1.00428 1.00485 1.02277 1.00274 1.03675 1.03436 1.03781 1.04001 1.04019 1.04205 1.02529 1.02654 1.00149 1.00052 1.00491 1.00009 1.00366 1.00188 1.00124 1.00028 1.00006 1.00001 1 1 1 1 1 1 1 1 1 1 1 1 1 1 1 1 1 1 1 1 1 1 1 1 1 1 1 1 1 1 1 1 1 1 1 1 1 1 1 1 1.00529 1.20513 
3.72406 1.19972 1.00529 1 1 1 1 1 1 1 1 1 1 1 1 1 1 1 1 1 1 1 1 1.00003 1.00019 1.00165 1.00016 1.0392 1.06474 1.01246 1.0379 1.31275 1.45648 1.39884 1.2436 1.23437 1.14082 1.13973 1.13918 1.13876 1.13855 1.13855 1.13875 1.13917 1.13978 1.14056 1.14185 1.23489 1.24518 1.40132 1.44921 1.29617 1.04085 1.01763 1.03042 1.01958 1.00225 1.00188 1.00341 1.00317 1.03197 1.07364 1.10527 1.09273 1.10493 1.11924 1.11442 1.00835 1.00988 1.0099 1.01009 1.01014 1.00976 1.04129 1.02359 1.07506 1.06047 1.04876 1.05277 1.0024 1.00341 1.00017 1.00284 1.00075 1.00021 1.00004 1 1 1 1 1 1 1 1 1 1 1 1 1 1 1 1 1 1 1 1 1 1 1 1 1 1 1 1 1 1 1 1 1 1 1 1 1 1 1 1.00529 1.20513 
3.72406 1.19972 1.00529 1 1 1 1 1 1 1 1 1 1 1 1 1 1 1 1 1 1 1 1.00004 1.00039 1.00103 1.00155 1.04748 1.03193 1.04106 1.34534 1.44137 1.24307 1.23043 1.14097 1.10769 1.0675 1.05453 1.05479 1.05399 1.05366 1.05347 1.05348 1.05369 1.0541 1.05465 1.05564 1.0556 1.06874 1.10927 1.14276 1.22984 1.24177 1.46605 1.43474 1.05195 1.03821 1.08228 1.07386 1.0654 1.10785 1.041 1.02226 1.03943 1.01493 1.0123 1.15712 1.35819 1.54047 1.52725 1.51681 1.50682 1.4964 1.49 1.47611 1.29959 1.02371 1.01002 1.04197 1.01059 1.0827 1.07205 1.05257 1.00325 1.00364 1.00221 1.00067 1.00004 1.00001 1 1 1 1 1 1 1 1 1 1 1 1 1 1 1 1 1 1 1 1 1 1 1 1 1 1 1 1 1 1 1 1 1 1 1 1 1 1.00529 1.20513 
3.72406 1.19972 1.00529 1 1 1 1 1 1 1 1 1 1 1 1 1 1 1 1 1 1 1.00002 1.00023 1.00034 1.0175 1.10611 1.01809 1.44658 1.44015 1.2365 1.23783 1.10778 1.06673 1.05341 1.05338 1.05188 1.05144 1.05064 1.05008 1.0497 1.04952 1.04955 1.04976 1.05018 1.05078 1.0516 1.05262 1.05337 1.05498 1.05533 1.06833 1.10899 1.24706 1.25373 1.36005 1.29172 1.01951 1.01698 1.02712 1.0149 1.23597 1.39083 1.49303 1.43614 1.42261 1.31158 1.3093 1.2356 1.22745 1.2203 1.214 1.20792 1.20433 1.31047 1.29563 1.44324 1.45512 1.4703 1.31094 1.02151 1.04066 1.0098 1.0949 1.04659 1.00004 1.0056 1.00044 1.00016 1 1 1 1 1 1 1 1 1 1 1 1 1 1 1 1 1 1 1 1 1 1 1 1 1 1 1 1 1 1 1 1 1 1 1 1 1 1.00529 1.20513 
3.72406 1.19972 1.00529 1 1 1 1 1 1 1 1 1 1 1 1 1 1 1 1 1 1 1.00023 1.00012 1.02649 1.03917 1.03835 1.36365 1.31457 1.23586 1.10714 1.06588 1.0527 1.05154 1.05037 1.04898 1.04784 1.04683 1.04607 1.0455 1.04513 1.04496 1.04499 1.04523 1.04565 1.0463 1.04708 1.04812 1.04924 1.05096 1.05469 1.05948 1.06428 1.08441 1.14367 1.26247 1.3299 1.41939 1.44457 1.49361 1.42328 1.32308 1.23391 1.1785 1.14208 1.14064 1.1221 1.09305 1.08126 1.08021 1.0783 1.07684 1.07591 1.07397 1.09607 1.13557 1.18386 1.17862 1.27066 1.23561 1.4047 1.47084 1.35231 1.04085 1.03281 1.06965 1.00437 1.002 1.00179 1.00007 1 1 1 1 1 1 1 1 1 1 1 1 1 1 1 1 1 1 1 1 1 1 1 1 1 1 1 1 1 1 1 1 1 1 1 1 1.00529 1.20513 
3.72406 1.19972 1.00529 1 1 1 1 1 1 1 1 1 1 1 1 1 1 1 1 1.00006 1.00055 1 1.06689 1.0191 1.4252 1.42215 1.24006 1.17136 1.06616 1.05244 1.05093 1.0493 1.04756 1.04594 1.04459 1.04343 1.04248 1.04172 1.04116 1.04079 1.04063 1.04068 1.0409 1.04135 1.04196 1.04292 1.04448 1.04644 1.04764 1.04992 1.0527 1.05628 1.06081 1.06669 1.0827 1.13474 1.17163 1.1722 1.20092 1.15598 1.14489 1.08667 1.06536 1.05688 1.05678 1.05927 1.06006 1.06007 1.06014 1.06034 1.06073 1.06139 1.06178 1.06595 1.07457 1.07345 1.07446 1.08845 1.13339 1.15245 1.22557 1.24664 1.45345 1.43257 1.02066 1.15683 1.03248 1.00197 1.00037 1.00001 1 1 1 1 1 1 1 1 1 1 1 1 1 1 1 1 1 1 1 1 1 1 1 1 1 1 1 1 1 1 1 1 1 1 1 1.00529 1.20513 
3.72406 1.19972 1.00529 1 1 1 1 1 1 1 1 1 1 1 1 1 1 1 1.00004 1.00051 1.00016 1.05934 1.0139 1.39944 1.31125 1.23547 1.10603 1.06481 1.05047 1.0494 1.04714 1.0451 1.04333 1.04177 1.04041 1.03925 1.03828 1.03752 1.03697 1.03661 1.03646 1.0365 1.03679 1.03736 1.03818 1.03905 1.04028 1.04184 1.04319 1.04388 1.04487 1.04613 1.04709 1.04866 1.05177 1.05824 1.08116 1.07917 1.07388 1.06188 1.05576 1.05698 1.05988 1.05917 1.05722 1.0565 1.054 1.05354 1.05345 1.05357 1.05385 1.05435 1.05502 1.05579 1.05942 1.06049 1.06561 1.0742 1.08468 1.07738 1.08445 1.11963 1.236 1.31758 1.38369 1.03389 1.06109 1.07685 1.00043 1.00015 1.00001 1.00005 1.00001 1 1 1 1 1 1 1 1 1 1 1 1 1 1 1 1 1 1 1 1 1 1 1 1 1 1 1 1 1 1 1 1 1.00529 1.20513 
3.72406 1.19972 1.00529 1 1 1 1 1 1 1 1 1 1 1 1 1 1 1.00002 1.00029 1.00069 1.02261 1.0132 1.3823 1.30862 1.16973 1.0667 1.05219 1.04983 1.0478 1.04538 1.04316 1.04113 1.03935 1.03777 1.03639 1.03523 1.03426 1.0335 1.03295 1.0326 1.03245 1.03253 1.03284 1.03338 1.03413 1.03501 1.0359 1.03703 1.03835 1.03968 1.04098 1.0421 1.04327 1.04411 1.04788 1.05071 1.05435 1.05545 1.05411 1.05367 1.05442 1.05394 1.05318 1.05137 1.05036 1.04788 1.04629 1.04587 1.04544 1.04529 1.04545 1.04573 1.04627 1.04686 1.04892 1.05298 1.05551 1.05685 1.06438 1.07261 1.08198 1.07585 1.07327 1.16218 1.25147 1.43744 1.51762 1.03833 1.1045 1.00029 1.00161 1.00168 1.00017 1.00002 1 1 1 1 1 1 1 1 1 1 1 1 1 1 1 1 1 1 1 1 1 1 1 1 1 1 1 1 1 1 1 1.00529 1.20513 
3.72406 1.19972 1.00529 1 1 1 1 1 1 1 1 1 1 1 1 1 1.00001 1.00012 1.00219 1.01364 1.01716 1.37186 1.30605 1.16977 1.06682 1.05152 1.04971 1.04676 1.0441 1.0417 1.03941 1.03737 1.03556 1.03396 1.03258 1.0314 1.03043 1.02967 1.02911 1.02877 1.02866 1.02875 1.02903 1.02947 1.03014 1.03102 1.03208 1.03328 1.03457 1.03587 1.0371 1.0385 1.03991 1.04148 1.04203 1.04354 1.04381 1.04562 1.04726 1.04871 1.04847 1.04771 1.0456 1.04409 1.04347 1.04272 1.0422 1.04169 1.04128 1.04125 1.04156 1.04209 1.04274 1.04364 1.04472 1.04613 1.04779 1.04962 1.05327 1.05961 1.07067 1.08516 1.08515 1.08671 1.11157 1.21429 1.35651 1.55079 1.03174 1.08603 1.00009 1.0104 1.00337 1.00029 1.00002 1 1 1 1 1 1 1 1 1 1 1 1 1 1 1 1 1 1 1 1 1 1 1 1 1 1 1 1 1 1 1.00529 1.20513 
3.72406 1.19972 1.00529 1 1 1 1 1 1 1 1 1 1 1 1 1 1.00003 1.00041 1.00026 1.03889 1.02919 1.40966 1.23358 1.06687 1.05172 1.04963 1.0463 1.04336 1.04072 1.03822 1.0359 1.03384 1.032 1.03037 1.02896 1.02777 1.02679 1.02602 1.02547 1.02513 1.02501 1.02508 1.02534 1.02582 1.02652 1.02741 1.02847 1.02968 1.031 1.03235 1.03351 1.03467 1.03592 1.03688 1.03771 1.03805 1.03898 1.04074 1.0413 1.04129 1.0412 1.04114 1.04061 1.0401 1.03935 1.03857 1.038 1.03767 1.03754 1.03743 1.03758 1.03792 1.03854 1.0394 1.04049 1.04181 1.04339 1.04522 1.04728 1.04959 1.05364 1.06604 1.08288 1.09331 1.09951 1.10046 1.15656 1.34414 1.4304 1.03147 1.05279 1.00354 1.01554 1.00069 1.00028 1.00003 1 1 1 1 1 1 1 1 1 1 1 1 1 1 1 1 1 1 1 1 1 1 1 1 1 1 1 1 1 1.00529 1.20513 
3.72406 1.19972 1.00529 1 1 1 1 1 1 1 1 1 1 1 1 1.00001 1.00016 1.00149 1.01613 1.00414 1.29318 1.23813 1.10716 1.05279 1.05022 1.04659 1.04338 1.04034 1.03762 1.03506 1.03267 1.03056 1.02868 1.02702 1.02558 1.02436 1.02336 1.02258 1.02202 1.02167 1.02152 1.02159 1.02187 1.02237 1.02307 1.02397 1.02505 1.02625 1.02752 1.0288 1.02991 1.03076 1.03152 1.03239 1.03348 1.03456 1.03563 1.03601 1.03654 1.03712 1.03745 1.03725 1.03671 1.036 1.03529 1.03466 1.03413 1.03376 1.03355 1.03349 1.03353 1.0338 1.03433 1.03509 1.03605 1.03722 1.03858 1.04014 1.04188 1.04381 1.04577 1.04908 1.05648 1.06768 1.09845 1.1075 1.1207 1.2354 1.44363 1.16789 1.06553 1.13329 1.00555 1.01989 1.00042 1.00026 1.00002 1 1 1 1 1 1 1 1 1 1 1 1 1 1 1 1 1 1 1 1 1 1 1 1 1 1 1 1 1.00529 1.20513 
3.72406 1.19972 1.00529 1 1 1 1 1 1 1 1 1 1 1 1 1.00002 1.00027 1.00026 1.02797 1.0203 1.42559 1.23352 1.06577 1.05111 1.04771 1.0441 1.04076 1.03763 1.03484 1.03219 1.02974 1.02757 1.02563 1.02392 1.02244 1.02119 1.02016 1.01936 1.01878 1.01841 1.01825 1.01832 1.0186 1.01909 1.0198 1.0207 1.02178 1.02296 1.02417 1.02532 1.02633 1.02714 1.02794 1.02891 1.03012 1.03117 1.03184 1.0324 1.03299 1.03343 1.03363 1.03348 1.03301 1.03236 1.03164 1.03097 1.03036 1.02989 1.02963 1.02958 1.02972 1.03007 1.03061 1.03135 1.03231 1.03349 1.03487 1.03644 1.03819 1.04012 1.04223 1.04442 1.04679 1.04888 1.05672 1.08367 1.09598 1.13451 1.25018 1.39203 1.22246 1.04935 1.18126 1.00787 1.01898 1.00018 1.00025 1.00002 1 1 1 1 1 1 1 1 1 1 1 1 1 1 1 1 1 1 1 1 1 1 1 1 1 1 1 1.00529 1.20513 
3.72406 1.19972 1.00529 1 1 1 1 1 1 1 1 1 1 1 1 1.00004 1.00047 1.00048 1.04151 1.01146 1.40297 1.13903 1.05229 1.0496 1.04563 1.04195 1.03851 1.03528 1.0324 1.02967 1.02713 1.02488 1.02288 1.02111 1.01958 1.01828 1.01722 1.01638 1.01576 1.01537 1.01521 1.01526 1.01553 1.01602 1.01672 1.01761 1.01866 1.01982 1.021 1.0221 1.02301 1.02383 1.02472 1.02577 1.02683 1.0278 1.02854 1.0291 1.02956 1.02992 1.03008 1.02993 1.02948 1.02882 1.02807 1.02734 1.02674 1.0263 1.02604 1.02597 1.0261 1.02644 1.02701 1.02776 1.02873 1.02992 1.03132 1.03293 1.03473 1.03671 1.03888 1.04123 1.04374 1.04644 1.04884 1.05421 1.06683 1.07583 1.14079 1.23241 1.40412 1.49672 1.04128 1.28056 1.00222 1.03131 1.00012 1.00039 1.00001 1 1 1 1 1 1 1 1 1 1 1 1 1 1 1 1 1 1 1 1 1 1 1 1 1 1 1.00529 1.20513 
3.72406 1.19972 1.00529 1 1 1 1 1 1 1 1 1 1 1 1 1.00007 1.00077 1.00054 1.04749 1.01208 1.41058 1.13727 1.05172 1.04807 1.04398 1.04019 1.03663 1.0333 1.03032 1.0275 1.02487 1.02253 1.02045 1.01861 1.01701 1.01566 1.01454 1.01366 1.013 1.01258 1.01239 1.01242 1.01267 1.01314 1.01382 1.0147 1.01573 1.01686 1.01798 1.01901 1.0199 1.02073 1.02167 1.02275 1.02386 1.0248 1.02545 1.0259 1.02626 1.02657 1.0267 1.02653 1.02606 1.02537 1.02463 1.02393 1.02333 1.02289 1.02262 1.02254 1.02266 1.02298 1.02352 1.02428 1.02525 1.02643 1.02782 1.02942 1.03121 1.03318 1.03533 1.03763 1.04008 1.04267 1.04547 1.04881 1.05409 1.06537 1.07689 1.11633 1.22437 1.36459 1.54026 1.03796 1.27556 1.00147 1.03275 1.00012 1.00016 1.00001 1 1 1 1 1 1 1 1 1 1 1 1 1 1 1 1 1 1 1 1 1 1 1 1 1 1.00529 1.20513 
3.72406 1.19972 1.00529 1 1 1 1 1 1 1 1 1 1 1 1.00001 1.00011 1.0012 1.00078 1.05471 1.01134 1.41589 1.13625 1.05053 1.04692 1.04272 1.03882 1.03516 1.03172 1.02864 1.02571 1.02297 1.02055 1.01838 1.01645 1.01478 1.01335 1.01217 1.01123 1.01052 1.01006 1.00983 1.00982 1.01004 1.01048 1.01114 1.01199 1.01298 1.01406 1.01512 1.01609 1.01693 1.01779 1.01879 1.01992 1.02103 1.02189 1.02247 1.02284 1.02313 1.02338 1.02347 1.02327 1.02279 1.02213 1.02139 1.02069 1.02009 1.01964 1.01937 1.01928 1.01938 1.01968 1.02019 1.02092 1.02188 1.02304 1.02441 1.02598 1.02774 1.02966 1.03174 1.03395 1.03628 1.03873 1.04124 1.04422 1.04756 1.05329 1.06441 1.06985 1.09288 1.19762 1.34062 1.54442 1.03549 1.28417 1.0026 1.03139 1.00016 1.00015 1.00001 1 1 1 1 1 1 1 1 1 1 1 1 1 1 1 1 1 1 1 1 1 1 1 1 1.00529 1.20513 
3.72406 1.19972 1.00529 1 1 1 1 1 1 1 1 1 1 1 1.00001 1.00015 1.00168 1.00107 1.06062 1.01105 1.41905 1.13549 1.04988 1.04614 1.04185 1.03785 1.03408 1.03054 1.02736 1.02431 1.02148 1.01895 1.01668 1.01466 1.0129 1.01138 1.01012 1.00911 1.00835 1.00782 1.00754 1.00749 1.00767 1.00807 1.00868 1.00948 1.01043 1.01145 1.01244 1.01333 1.01416 1.01504 1.0161 1.01726 1.01832 1.0191 1.0196 1.01989 1.02013 1.02032 1.02036 1.02017 1.0197 1.01904 1.01831 1.01761 1.01701 1.01656 1.01628 1.01618 1.01626 1.01654 1.01703 1.01774 1.01866 1.01981 1.02115 1.0227 1.02442 1.02632 1.02836 1.03054 1.03283 1.03522 1.03771 1.04028 1.04297 1.04582 1.05157 1.06053 1.06838 1.09171 1.20069 1.31663 1.53526 1.03804 1.27395 1.00577 1.01671 1.00053 1.00015 1.00001 1 1 1 1 1 1 1 1 1 1 1 1 1 1 1 1 1 1 1 1 1 1 1 1.00529 1.20513 
3.72406 1.19972 1.00529 1 1 1 1 1 1 1 1 1 1 1 1.00001 1.0002 1.00215 1.00134 1.06498 1.01081 1.42111 1.13509 1.04954 1.04573 1.04135 1.03726 1.0334 1.02976 1.02647 1.02333 1.02038 1.01775 1.01538 1.01326 1.01139 1.00979 1.00844 1.00735 1.0065 1.00591 1.00556 1.00545 1.00557 1.00591 1.00647 1.00721 1.00809 1.00903 1.00993 1.01076 1.01157 1.01248 1.01357 1.01471 1.0157 1.0164 1.01683 1.01707 1.01725 1.01739 1.01742 1.01722 1.01676 1.01612 1.01539 1.0147 1.01411 1.01366 1.01337 1.01326 1.01333 1.01359 1.01405 1.01472 1.0156 1.0167 1.01801 1.01952 1.0212 1.02305 1.02504 1.02715 1.02938 1.03171 1.03414 1.03667 1.03928 1.04199 1.04488 1.04919 1.05629 1.06838 1.08601 1.20135 1.35615 1.4986 1.03364 1.24471 1.0132 1.00633 1.00104 1.00008 1.00001 1 1 1 1 1 1 1 1 1 1 1 1 1 1 1 1 1 1 1 1 1 1 1.00529 1.20513 
3.72406 1.19972 1.00529 1 1 1 1 1 1 1 1 1 1 1 1.00002 1.00024 1.00253 1.00157 1.06806 1.01059 1.42236 1.13503 1.04954 1.04566 1.04121 1.03704 1.0331 1.02937 1.02599 1.02274 1.0197 1.01696 1.01448 1.01226 1.01029 1.00858 1.00714 1.00595 1.00502 1.00434 1.00391 1.00373 1.00378 1.00405 1.00453 1.00519 1.00598 1.00682 1.00762 1.00838 1.00917 1.01011 1.0112 1.01228 1.01318 1.0138 1.01418 1.01438 1.01452 1.01462 1.01463 1.01443 1.01399 1.01336 1.01266 1.01197 1.01139 1.01095 1.01067 1.01055 1.01061 1.01085 1.01127 1.01189 1.01272 1.01376 1.01501 1.01645 1.01807 1.01985 1.02177 1.02381 1.02596 1.02821 1.03056 1.03301 1.03556 1.03822 1.04099 1.04418 1.04875 1.05522 1.06387 1.08772 1.19896 1.3618 1.46063 1.0428 1.11451 1.01293 1.00297 1.00049 1.00003 1 1 1 1 1 1 1 1 1 1 1 1 1 1 1 1 1 1 1 1 1 1 1.00529 1.20513 
3.72406 1.19972 1.00529 1 1 1 1 1 1 1 1 1 1 1 1.00002 1.00026 1.00274 1.00168 1.06923 1.0105 1.42307 1.13529 1.04984 1.04591 1.0414 1.03717 1.03316 1.02935 1.02589 1.02255 1.01941 1.01658 1.014 1.01167 1.0096 1.00779 1.00624 1.00495 1.00392 1.00315 1.00263 1.00236 1.00232 1.00251 1.0029 1.00346 1.00413 1.00485 1.00554 1.00622 1.00699 1.00793 1.00898 1.00998 1.01078 1.01132 1.01165 1.01182 1.01194 1.01202 1.01202 1.01182 1.01139 1.01079 1.01011 1.00945 1.00889 1.00846 1.00819 1.00808 1.00813 1.00834 1.00872 1.00929 1.01006 1.01102 1.01218 1.01354 1.01507 1.01675 1.01858 1.02052 1.02257 1.02473 1.02699 1.02935 1.03182 1.03441 1.03712 1.04003 1.04378 1.04843 1.05207 1.05594 1.08756 1.21124 1.37437 1.49721 1.13194 1.06654 1.01221 1.00112 1.00008 1.00001 1 1 1 1 1 1 1 1 1 1 1 1 1 1 1 1 1 1 1 1 1 1.00529 1.20513 
3.72406 1.19972 1.00529 1 1 1 1 1 1 1 1 1 1 1 1.00002 1.00026 1.00273 1.00168 1.0691 1.01049 1.42326 1.13586 1.05042 1.04645 1.0419 1.03763 1.03356 1.02969 1.02616 1.02274 1.01952 1.0166 1.01392 1.01149 1.00932 1.0074 1.00575 1.00436 1.00323 1.00235 1.00173 1.00136 1.00123 1.00131 1.0016 1.00204 1.00258 1.00316 1.00372 1.00432 1.00505 1.00595 1.00694 1.00782 1.00851 1.00898 1.00926 1.00942 1.00952 1.00959 1.00958 1.00939 1.00899 1.00842 1.00777 1.00715 1.00662 1.00622 1.00597 1.00587 1.00591 1.0061 1.00645 1.00695 1.00764 1.00851 1.00956 1.0108 1.01222 1.01378 1.01549 1.01731 1.01925 1.0213 1.02345 1.02571 1.02808 1.03059 1.03323 1.03601 1.03908 1.04311 1.04705 1.05069 1.05528 1.09001 1.26583 1.49077 1.05352 1.30093 1.0113 1.04207 1 1.00045 1.00004 1 1 1 1 1 1 1 1 1 1 1 1 1 1 1 1 1 1 1 1 1.00529 1.20513 
3.72406 1.19972 1.00529 1 1 1 1 1 1 1 1 1 1 1 1.00002 1.00024 1.00252 1.00155 1.06794 1.01053 1.42321 1.13671 1.0512 1.04726 1.04269 1.03838 1.03427 1.03035 1.02677 1.02329 1.01999 1.01699 1.01423 1.01172 1.00945 1.00744 1.00568 1.00419 1.00295 1.00197 1.00125 1.00077 1.00053 1.0005 1.00066 1.00097 1.00136 1.00178 1.0022 1.00271 1.00338 1.00422 1.00508 1.00583 1.0064 1.00679 1.00704 1.00719 1.00729 1.00735 1.00734 1.00717 1.0068 1.00628 1.00569 1.00511 1.00463 1.00427 1.00405 1.00396 1.00401 1.00418 1.00448 1.00492 1.00552 1.00627 1.0072 1.0083 1.00957 1.011 1.01256 1.01424 1.01605 1.01796 1.01998 1.02213 1.0244 1.0268 1.02935 1.03207 1.03504 1.03839 1.04242 1.04606 1.04845 1.05445 1.12481 1.27544 1.49952 1.02531 1.24682 1.0045 1.02443 1.00052 1.00025 1.00002 1 1 1 1 1 1 1 1 1 1 1 1 1 1 1 1 1 1 1 1.00529 1.20513 
3.72406 1.19972 1.00529 1 1 1 1 1 1 1 1 1 1 1 1.00001 1.00019 1.0021 1.00133 1.06416 1.0108 1.42183 1.13776 1.05249 1.04831 1.04373 1.0394 1.03526 1.03132 1.02767 1.02418 1.02083 1.01775 1.01491 1.01232 1.00997 1.00787 1.00602 1.00443 1.00309 1.00201 1.00118 1.0006 1.00024 1.0001 1.00013 1.00028 1.00051 1.00076 1.00104 1.00144 1.00203 1.00275 1.00347 1.00406 1.0045 1.00481 1.00503 1.00517 1.00527 1.00534 1.00533 1.00519 1.00487 1.00441 1.00388 1.00337 1.00294 1.00263 1.00245 1.00239 1.00245 1.00261 1.00288 1.00325 1.00374 1.00437 1.00515 1.0061 1.0072 1.00845 1.00985 1.01137 1.01302 1.01479 1.01668 1.01869 1.02084 1.02314 1.02559 1.02821 1.03102 1.03407 1.03765 1.04162 1.0448 1.04671 1.06215 1.16851 1.32295 1.49716 1.03411 1.15484 1.00822 1.01132 1.00175 1.0001 1.00001 1 1 1 1 1 1 1 1 1 1 1 1 1 1 1 1 1 1 1.00529 1.20513 
3.72406 1.19972 1.00529 1 1 1 1 1 1 1 1 1 1 1 1.00001 1.00016 1.00177 1.00104 1.06188 1.01047 1.42251 1.13934 1.05273 1.04961 1.045 1.04067 1.03652 1.03255 1.02882 1.02535 1.022 1.01883 1.01594 1.01329 1.01087 1.00869 1.00676 1.00508 1.00365 1.00247 1.00154 1.00085 1.00038 1.00012 1.00001 1.00002 1.00008 1.00016 1.0003 1.00058 1.00105 1.00162 1.00216 1.00258 1.00288 1.00311 1.00329 1.00342 1.00352 1.00359 1.0036 1.0035 1.00324 1.00285 1.0024 1.00196 1.00161 1.00136 1.00123 1.00121 1.00129 1.00144 1.00167 1.00197 1.00236 1.00286 1.00348 1.00424 1.00515 1.00622 1.00743 1.00878 1.01026 1.01187 1.01362 1.0155 1.01753 1.01971 1.02205 1.02457 1.02725 1.03016 1.03334 1.03726 1.04068 1.04352 1.046 1.06186 1.18576 1.35721 1.38653 1.0231 1.05663 1.00308 1.00119 1.00011 1.00001 1 1 1 1 1 1 1 1 1 1 1 1 1 1 1 1 1 1 1.00529 1.20513 
3.72406 1.19972 1.00529 1 1 1 1 1 1 1 1 1 1 1 1.00001 1.00012 1.00151 1.00383 1.05153 1.0337 1.43993 1.23368 1.06617 1.05058 1.04654 1.04216 1.038 1.03404 1.03025 1.0268 1.02343 1.02022 1.01729 1.01459 1.01212 1.00987 1.00787 1.00612 1.0046 1.00334 1.00232 1.00153 1.00096 1.00058 1.00034 1.0002 1.00009 1.00002 1.00002 1.00018 1.00052 1.00091 1.00125 1.00149 1.00166 1.00178 1.0019 1.002 1.0021 1.00217 1.00221 1.00214 1.00195 1.00164 1.00128 1.00094 1.00066 1.00049 1.00042 1.00044 1.00054 1.0007 1.00089 1.00113 1.00141 1.00177 1.00222 1.0028 1.00352 1.00438 1.0054 1.00656 1.00787 1.00932 1.01092 1.01267 1.01458 1.01664 1.01888 1.02129 1.02387 1.02666 1.0296 1.03301 1.03665 1.03958 1.0433 1.04584 1.08006 1.27005 1.39458 1.05888 1.05038 1.00764 1.00409 1.00033 1.00002 1 1 1 1 1 1 1 1 1 1 1 1 1 1 1 1 1 1 1.00529 1.20513 
3.72406 1.19972 1.00529 1 1 1 1 1 1 1 1 1 1 1 1.00001 1.0001 1.00117 1.00027 1.04171 1.01488 1.28937 1.24404 1.10703 1.05261 1.04821 1.04386 1.03971 1.03575 1.03196 1.02848 1.02514 1.0219 1.01893 1.0162 1.01368 1.01139 1.00933 1.00752 1.00594 1.0046 1.00349 1.00262 1.00195 1.00147 1.00111 1.00084 1.00059 1.00037 1.00026 1.00031 1.00049 1.00071 1.00085 1.00091 1.00092 1.00093 1.00095 1.00101 1.00108 1.00115 1.0012 1.00118 1.00106 1.00084 1.00058 1.00033 1.00015 1.00005 1.00005 1.00012 1.00025 1.0004 1.00057 1.00073 1.00092 1.00114 1.00143 1.00182 1.00235 1.00301 1.00383 1.00481 1.00595 1.00725 1.00871 1.01033 1.01212 1.01408 1.01622 1.01853 1.02102 1.0237 1.02655 1.02969 1.03309 1.03627 1.03963 1.0435 1.05966 1.13405 1.28329 1.39139 1.01361 1.04577 1.00019 1.00098 1.00008 1.00001 1 1 1 1 1 1 1 1 1 1 1 1 1 1 1 1 1 1.00529 1.20513 
3.72406 1.19972 1.00529 1 1 1 1 1 1 1 1 1 1 1 1 1.00003 1.0004 1.00377 1.00212 1.08228 1.01944 1.40517 1.14093 1.05314 1.05013 1.04575 1.04162 1.03767 1.03388 1.03035 1.02707 1.02386 1.02082 1.01807 1.01554 1.01321 1.01111 1.00925 1.00762 1.00622 1.00505 1.0041 1.00336 1.00278 1.00233 1.00194 1.00157 1.00125 1.00105 1.001 1.00105 1.0011 1.00106 1.00094 1.00078 1.00065 1.00056 1.00053 1.00055 1.0006 1.00066 1.00067 1.00062 1.00049 1.00033 1.00018 1.00008 1.00007 1.00013 1.00025 1.00041 1.00056 1.0007 1.0008 1.00088 1.00098 1.00112 1.00135 1.00169 1.00217 1.00281 1.00362 1.0046 1.00576 1.00709 1.0086 1.01029 1.01216 1.01422 1.01645 1.01886 1.02146 1.02423 1.02718 1.03049 1.03375 1.03705 1.04049 1.04702 1.08071 1.28574 1.48604 1.04259 1.07484 1.00348 1.00208 1.00019 1.00001 1 1 1 1 1 1 1 1 1 1 1 1 1 1 1 1 1 1.00529 1.20513 
3.72406 1.19972 1.00529 1 1 1 1 1 1 1 1 1 1 1 1 1.00001 1.00016 1.00181 1.00372 1.06421 1.03899 1.46735 1.23078 1.06696 1.05183 1.04789 1.04372 1.03978 1.03603 1.03243 1.02918 1.02606 1.02299 1.0202 1.01765 1.01531 1.01318 1.01129 1.00962 1.00817 1.00696 1.00595 1.00515 1.0045 1.00397 1.00349 1.00304 1.00266 1.0024 1.00228 1.00223 1.00214 1.00194 1.00165 1.00133 1.00103 1.0008 1.00065 1.00058 1.00059 1.00063 1.00066 1.00067 1.00062 1.00055 1.00049 1.00049 1.00054 1.00067 1.00083 1.00101 1.00117 1.00127 1.00131 1.00131 1.00129 1.0013 1.00138 1.00157 1.0019 1.00238 1.00304 1.00389 1.00492 1.00615 1.00757 1.00918 1.01099 1.01298 1.01516 1.01751 1.02006 1.02279 1.02565 1.02882 1.03223 1.03543 1.03883 1.04213 1.05494 1.12487 1.2408 1.29484 1.01036 1.03545 1.00025 1.00075 1.00006 1 1 1 1 1 1 1 1 1 1 1 1 1 1 1 1 1 1.00529 1.20513 
3.72406 1.19972 1.00529 1 1 1 1 1 1 1 1 1 1 1 1 1.00001 1.00012 1.00134 1.00013 1.05004 1.01301 1.32472 1.24477 1.1086 1.05343 1.05012 1.046 1.04208 1.03834 1.03477 1.03146 1.0284 1.0254 1.02255 1.02 1.01766 1.01552 1.0136 1.01191 1.01043 1.00918 1.00814 1.00729 1.00659 1.006 1.00547 1.00498 1.00457 1.0043 1.00416 1.00404 1.00385 1.00352 1.00308 1.00259 1.00212 1.00172 1.00142 1.00124 1.00116 1.00115 1.00119 1.00123 1.00124 1.00125 1.00128 1.00134 1.00147 1.00165 1.00185 1.00204 1.00219 1.00226 1.00225 1.00217 1.00206 1.00196 1.00192 1.00199 1.00219 1.00256 1.0031 1.00385 1.00479 1.00594 1.00729 1.00885 1.0106 1.01256 1.0147 1.01704 1.01957 1.02228 1.02514 1.0283 1.03171 1.03489 1.03823 1.04203 1.05103 1.07291 1.26152 1.4325 1.04996 1.01771 1.0024 1.00037 1.00003 1 1 1 1 1 1 1 1 1 1 1 1 1 1 1 1 1 1.00529 1.20513 
3.72406 1.19972 1.00529 1 1 1 1 1 1 1 1 1 1 1 1 1 1.00002 1.00037 1.00365 1.00493 1.09903 1.04188 1.4513 1.23925 1.06705 1.0522 1.04849 1.04456 1.04084 1.0373 1.03392 1.03092 1.02802 1.02515 1.02256 1.02023 1.01809 1.01616 1.01446 1.01296 1.01169 1.01063 1.00975 1.00902 1.0084 1.00784 1.00735 1.00696 1.00672 1.00658 1.00644 1.00618 1.00576 1.00519 1.00455 1.0039 1.00333 1.00286 1.00253 1.00233 1.00225 1.00226 1.0023 1.00236 1.00242 1.00251 1.00264 1.00282 1.00304 1.00327 1.00347 1.0036 1.00364 1.00357 1.00343 1.00324 1.00306 1.00294 1.00292 1.00303 1.00331 1.00378 1.00445 1.00534 1.00644 1.00775 1.00927 1.011 1.01294 1.01508 1.01742 1.01995 1.02266 1.02554 1.02881 1.03215 1.03523 1.0388 1.04232 1.04901 1.06366 1.14991 1.40458 1.00403 1.04231 1.00012 1.00074 1.00006 1 1 1 1 1 1 1 1 1 1 1 1 1 1 1 1 1 1.00529 1.20513 
3.72406 1.19972 1.00529 1 1 1 1 1 1 1 1 1 1 1 1 1 1.00001 1.00012 1.00136 1.00019 1.05211 1.0153 1.35967 1.23928 1.10898 1.05419 1.05122 1.04719 1.04351 1.04 1.03665 1.03358 1.03077 1.02805 1.02537 1.023 1.02088 1.01895 1.01725 1.01575 1.01446 1.01339 1.0125 1.01176 1.01112 1.01057 1.0101 1.00976 1.00957 1.00948 1.00935 1.00906 1.00857 1.0079 1.00712 1.00632 1.00557 1.00493 1.00444 1.0041 1.00392 1.00385 1.00387 1.00394 1.00404 1.00417 1.00435 1.00456 1.00481 1.00505 1.00525 1.00536 1.00536 1.00524 1.00504 1.0048 1.00457 1.00439 1.00431 1.00437 1.0046 1.00502 1.00566 1.00651 1.00758 1.00888 1.01039 1.01212 1.01406 1.0162 1.01856 1.02111 1.02382 1.02679 1.03015 1.03338 1.03653 1.04011 1.04498 1.05425 1.07528 1.25446 1.39906 1.03943 1.01565 1.00153 1.00031 1.00002 1 1 1 1 1 1 1 1 1 1 1 1 1 1 1 1 1 1.00529 1.20513 
3.72406 1.19972 1.00529 1 1 1 1 1 1 1 1 1 1 1 1 1 1 1.00002 1.00034 1.00334 1.0043 1.09171 1.04531 1.45367 1.23789 1.06841 1.05277 1.05019 1.04633 1.04286 1.03956 1.03639 1.03357 1.03102 1.02851 1.02602 1.02386 1.02196 1.02025 1.01876 1.01747 1.01639 1.0155 1.01476 1.01413 1.0136 1.01318 1.01292 1.0128 1.01276 1.01266 1.01237 1.01183 1.01109 1.0102 1.00927 1.00836 1.00756 1.0069 1.00641 1.0061 1.00594 1.0059 1.00595 1.00606 1.00621 1.00641 1.00665 1.00692 1.00716 1.00735 1.00743 1.00739 1.00722 1.00697 1.00669 1.00642 1.00621 1.0061 1.00613 1.00634 1.00675 1.00737 1.00821 1.00928 1.01058 1.01209 1.01383 1.01578 1.01795 1.02033 1.02289 1.02568 1.02883 1.03198 1.03517 1.03847 1.04291 1.05071 1.05545 1.11184 1.23905 1.25587 1.01411 1.02389 1.00068 1.00042 1.00003 1 1 1 1 1 1 1 1 1 1 1 1 1 1 1 1 1 1.00529 1.20513 
3.72406 1.19972 1.00529 1 1 1 1 1 1 1 1 1 1 1 1 1 1 1.00001 1.0001 1.00113 1.00399 1.06723 1.04529 1.48376 1.3184 1.1722 1.06778 1.05187 1.04953 1.04587 1.04261 1.03952 1.03655 1.03398 1.03168 1.0294 1.0271 1.02516 1.02348 1.02198 1.0207 1.01962 1.01874 1.01801 1.0174 1.0169 1.01655 1.01636 1.01632 1.01634 1.01627 1.01598 1.01543 1.01462 1.01366 1.01262 1.01159 1.01064 1.00983 1.00919 1.00874 1.00846 1.00834 1.00834 1.00843 1.00859 1.0088 1.00905 1.00932 1.00955 1.00972 1.00977 1.00968 1.00947 1.00918 1.00887 1.00858 1.00836 1.00824 1.00826 1.00847 1.00888 1.0095 1.01035 1.01143 1.01274 1.01427 1.01602 1.01799 1.02019 1.02257 1.02519 1.02815 1.03115 1.03418 1.03737 1.04143 1.04783 1.0527 1.06598 1.23247 1.43484 1.03516 1.06635 1.00307 1.00179 1.00016 1.00001 1 1 1 1 1 1 1 1 1 1 1 1 1 1 1 1 1 1.00529 1.20513 
3.72406 1.19972 1.00529 1 1 1 1 1 1 1 1 1 1 1 1 1 1 1 1.00002 1.00028 1.00277 1.00399 1.09068 1.03002 1.46829 1.31855 1.17121 1.06711 1.05141 1.04926 1.04581 1.04275 1.03988 1.0371 1.03479 1.03276 1.03071 1.0286 1.02686 1.02541 1.02415 1.02307 1.02218 1.02147 1.0209 1.02044 1.02015 1.02004 1.02006 1.02013 1.02009 1.01981 1.01924 1.0184 1.01737 1.01626 1.01513 1.01407 1.01313 1.01236 1.01176 1.01136 1.01114 1.01108 1.01113 1.01127 1.01147 1.01172 1.01197 1.01219 1.01233 1.01233 1.0122 1.01195 1.01163 1.0113 1.011 1.01078 1.01066 1.01069 1.01091 1.01133 1.01197 1.01283 1.01392 1.01525 1.01679 1.01856 1.02056 1.02278 1.02521 1.02796 1.0308 1.03362 1.03668 1.04046 1.0457 1.05042 1.05217 1.10474 1.23892 1.31297 1.01327 1.03815 1.00027 1.00084 1.00007 1 1 1 1 1 1 1 1 1 1 1 1 1 1 1 1 1 1 1.00529 1.20513 
3.72406 1.19972 1.00529 1 1 1 1 1 1 1 1 1 1 1 1 1 1 1 1 1.00004 1.00061 1.00535 1.00331 1.17848 1.02594 1.47161 1.31968 1.17049 1.06682 1.05133 1.04938 1.04615 1.04329 1.04065 1.03806 1.03601 1.03427 1.03248 1.03053 1.02899 1.02775 1.02671 1.02584 1.02513 1.0246 1.0242 1.02395 1.02389 1.02396 1.02406 1.02405 1.02378 1.0232 1.02233 1.02126 1.02008 1.01889 1.01775 1.01671 1.01582 1.01511 1.01459 1.01426 1.0141 1.0141 1.0142 1.01439 1.01462 1.01485 1.01505 1.01515 1.01511 1.01492 1.01463 1.01429 1.01395 1.01365 1.01343 1.01332 1.01337 1.0136 1.01404 1.01469 1.01557 1.01669 1.01803 1.01959 1.0214 1.02343 1.02566 1.02822 1.03083 1.03347 1.03651 1.04018 1.04432 1.04857 1.05113 1.06414 1.23841 1.44736 1.04102 1.07954 1.00392 1.00258 1.00024 1.00002 1 1 1 1 1 1 1 1 1 1 1 1 1 1 1 1 1 1 1.00529 1.20513 
3.72406 1.19972 1.00529 1 1 1 1 1 1 1 1 1 1 1 1 1 1 1 1 1 1.00006 1.00111 1.00668 1.00158 1.20092 1.02812 1.48202 1.3202 1.17037 1.06693 1.05164 1.0499 1.04688 1.04422 1.04181 1.03941 1.03764 1.03624 1.03476 1.03294 1.03159 1.03054 1.02968 1.02903 1.02848 1.02812 1.02795 1.02792 1.02801 1.02811 1.0281 1.02784 1.02724 1.02635 1.02524 1.02403 1.0228 1.02161 1.0205 1.01952 1.0187 1.01807 1.01763 1.01739 1.01731 1.01737 1.01752 1.01772 1.01794 1.0181 1.01815 1.01806 1.01783 1.01751 1.01714 1.01679 1.0165 1.01629 1.01619 1.01625 1.0165 1.01696 1.01763 1.01854 1.01967 1.02102 1.02261 1.02443 1.02649 1.02881 1.03122 1.03377 1.03665 1.04019 1.04351 1.04689 1.05046 1.05224 1.10753 1.2375 1.3561 1.01337 1.0513 1.00019 1.00114 1.0001 1.00001 1 1 1 1 1 1 1 1 1 1 1 1 1 1 1 1 1 1 1.00529 1.20513 
3.72406 1.19972 1.00529 1 1 1 1 1 1 1 1 1 1 1 1 1 1 1 1 1 1.00001 1.00009 1.00132 1.01492 1.00102 1.21925 1.02898 1.48586 1.32025 1.1707 1.06744 1.05238 1.05079 1.04808 1.04555 1.04337 1.04115 1.03968 1.03859 1.03767 1.03639 1.03494 1.0338 1.03313 1.03265 1.03227 1.03207 1.03211 1.03222 1.0323 1.03224 1.03195 1.03135 1.03043 1.0293 1.02806 1.0268 1.02557 1.02442 1.02338 1.02248 1.02176 1.02123 1.0209 1.02074 1.02074 1.02084 1.02102 1.0212 1.02131 1.02132 1.02119 1.02092 1.02055 1.02017 1.01982 1.01953 1.01932 1.01924 1.01932 1.01958 1.02005 1.02075 1.02167 1.02281 1.02418 1.02579 1.02767 1.02979 1.03199 1.03438 1.03709 1.04008 1.04308 1.04618 1.04923 1.0517 1.06722 1.23693 1.45144 1.04432 1.08473 1.00325 1.00268 1.00026 1.00002 1 1 1 1 1 1 1 1 1 1 1 1 1 1 1 1 1 1 1 1.00529 1.20513 
3.72406 1.19972 1.00529 1 1 1 1 1 1 1 1 1 1 1 1 1 1 1 1 1 1 1.00001 1.0001 1.0006 1.01755 1.00037 1.22495 1.02886 1.4816 1.31973 1.17185 1.06791 1.05367 1.05156 1.04961 1.04728 1.04532 1.04329 1.04214 1.04145 1.04095 1.04034 1.03871 1.03784 1.03719 1.0368 1.0365 1.03632 1.0365 1.03668 1.03665 1.0362 1.0355 1.03457 1.03341 1.03214 1.03085 1.0296 1.02843 1.02735 1.02643 1.02564 1.02502 1.02459 1.02436 1.02431 1.02436 1.02448 1.02462 1.02469 1.02466 1.02447 1.02416 1.02378 1.02339 1.02304 1.02273 1.02253 1.02246 1.02255 1.02282 1.02332 1.02403 1.02496 1.0261 1.02759 1.02937 1.03123 1.03316 1.03529 1.03763 1.04034 1.04305 1.04579 1.04924 1.05145 1.06714 1.17128 1.31741 1.4791 1.04231 1.05802 1.00291 1.00086 1.00008 1.00001 1 1 1 1 1 1 1 1 1 1 1 1 1 1 1 1 1 1 1 1.00529 1.20513 
3.72406 1.19972 1.00529 1 1 1 1 1 1 1 1 1 1 1 1 1 1 1 1 1 1 1 1.00001 1.00019 1.00055 1.01842 1.00063 1.21577 1.02734 1.48993 1.32082 1.23844 1.10811 1.06681 1.05257 1.05162 1.04944 1.04764 1.0459 1.04432 1.04399 1.04452 1.04522 1.04495 1.04478 1.04227 1.04165 1.04152 1.04094 1.04104 1.0411 1.04085 1.03991 1.03877 1.03756 1.03628 1.03496 1.03369 1.0325 1.03142 1.03045 1.02962 1.02898 1.02851 1.02819 1.02804 1.02803 1.0281 1.02819 1.02823 1.02815 1.02793 1.02759 1.02717 1.02676 1.02638 1.02608 1.02591 1.02585 1.02594 1.02625 1.02676 1.02748 1.02847 1.02981 1.03142 1.03292 1.03453 1.03639 1.03853 1.04096 1.04343 1.04626 1.04952 1.05146 1.06687 1.17046 1.31769 1.46209 1.02811 1.0779 1.00337 1.00202 1.0002 1.00001 1 1 1 1 1 1 1 1 1 1 1 1 1 1 1 1 1 1 1 1 1.00529 1.20513 
3.72406 1.19972 1.00529 1 1 1 1 1 1 1 1 1 1 1 1 1 1 1 1 1 1 1 1 1.00001 1.00019 1.00049 1.01716 1.00147 1.20314 1.03362 1.51102 1.45123 1.24282 1.17429 1.06851 1.05478 1.05347 1.05198 1.05044 1.04907 1.0474 1.04775 1.04884 1.05136 1.05227 1.05506 1.05467 1.05209 1.04836 1.04624 1.04573 1.04525 1.04462 1.04327 1.04189 1.04055 1.03917 1.03788 1.03673 1.03569 1.03467 1.03375 1.03307 1.03253 1.03219 1.03196 1.03186 1.03187 1.03195 1.03199 1.03186 1.03157 1.0312 1.03072 1.03022 1.02985 1.02961 1.02943 1.02936 1.02949 1.02981 1.03038 1.03123 1.03239 1.03366 1.03487 1.03609 1.03764 1.03974 1.04199 1.0444 1.04705 1.05006 1.05174 1.06701 1.17041 1.31882 1.46269 1.0245 1.15644 1.00235 1.00385 1.00039 1.00003 1 1 1 1 1 1 1 1 1 1 1 1 1 1 1 1 1 1 1 1 1 1.00529 1.20513 
3.72406 1.19972 1.00529 1 1 1 1 1 1 1 1 1 1 1 1 1 1 1 1 1 1 1 1 1 1.00001 1.00009 1.0013 1.00718 1.00437 1.10827 1.06438 1.04343 1.36696 1.31783 1.23782 1.10998 1.06862 1.05509 1.05431 1.05313 1.05202 1.05091 1.051 1.0506 1.05483 1.06459 1.06911 1.0708 1.0659 1.05894 1.05598 1.05421 1.0522 1.05017 1.04825 1.04626 1.04439 1.04271 1.04134 1.04007 1.03906 1.03807 1.03725 1.03663 1.03628 1.03606 1.03602 1.03607 1.03614 1.03606 1.03584 1.03541 1.03485 1.03437 1.034 1.03363 1.03337 1.03338 1.03336 1.03343 1.03373 1.0344 1.03541 1.03632 1.03705 1.03804 1.03957 1.04148 1.0435 1.04571 1.04813 1.0509 1.05242 1.06752 1.17066 1.31919 1.47089 1.02682 1.17354 1.00118 1.00452 1.00069 1.00004 1 1 1 1 1 1 1 1 1 1 1 1 1 1 1 1 1 1 1 1 1 1 1.00529 1.20513 
3.72406 1.19972 1.00529 1 1 1 1 1 1 1 1 1 1 1 1 1 1 1 1 1 1 1 1 1 1 1.00001 1.00008 1.00098 1.00506 1.00432 1.06852 1.16903 1.02136 1.46334 1.44928 1.24454 1.23894 1.14097 1.14076 1.10805 1.06739 1.05465 1.05467 1.05414 1.05409 1.05755 1.06248 1.08117 1.09772 1.09203 1.07528 1.06776 1.06622 1.06139 1.0567 1.05288 1.04926 1.04716 1.04548 1.0441 1.04307 1.0423 1.04155 1.04095 1.04061 1.04047 1.04055 1.04058 1.04055 1.04028 1.03991 1.0396 1.0393 1.03883 1.03828 1.03796 1.03763 1.03736 1.03746 1.0376 1.03815 1.03903 1.03926 1.03974 1.04056 1.04185 1.04354 1.0453 1.04734 1.0496 1.05211 1.05348 1.06834 1.17125 1.31897 1.47027 1.02725 1.18527 1.00053 1.01051 1.00075 1.00006 1 1 1 1 1 1 1 1 1 1 1 1 1 1 1 1 1 1 1 1 1 1 1 1.00529 1.20513 
3.72406 1.19972 1.00529 1 1 1 1 1 1 1 1 1 1 1 1 1 1 1 1 1 1 1 1 1 1 1 1.00001 1.00007 1.00081 1.00388 1.00687 1.00816 1.08558 1.03941 1.04295 1.32911 1.46481 1.43084 1.40884 1.24488 1.2354 1.1407 1.13999 1.1389 1.13971 1.13912 1.14276 1.16668 1.19034 1.19365 1.18532 1.13225 1.08628 1.06996 1.0631 1.06136 1.05871 1.05581 1.0523 1.04995 1.0488 1.04775 1.04696 1.04629 1.04552 1.0454 1.04499 1.04467 1.04427 1.04431 1.04455 1.04456 1.04404 1.04344 1.04251 1.0419 1.04148 1.04149 1.04223 1.04296 1.04287 1.04269 1.04265 1.04315 1.04449 1.0459 1.04751 1.0494 1.05138 1.05321 1.05503 1.06907 1.17264 1.31808 1.46179 1.02687 1.18505 1.00002 1.0119 1.00188 1.00005 1.00001 1 1 1 1 1 1 1 1 1 1 1 1 1 1 1 1 1 1 1 1 1 1 1 1.00529 1.20513 
3.72406 1.19972 1.00529 1 1 1 1 1 1 1 1 1 1 1 1 1 1 1 1 1 1 1 1 1 1 1 1 1.00001 1.00005 1.0004 1.00163 1.00752 1.00034 1.06917 1.09674 1.0104 1.02992 1.01961 1.01961 1.2913 1.44579 1.42749 1.42665 1.42711 1.4294 1.43057 1.4348 1.45343 1.44101 1.47525 1.48049 1.26243 1.23955 1.15464 1.12057 1.09348 1.07542 1.06828 1.06647 1.06279 1.0601 1.0562 1.05375 1.05201 1.0512 1.05019 1.04991 1.05113 1.05121 1.05065 1.04967 1.0489 1.0472 1.04635 1.04589 1.04654 1.04847 1.04966 1.04878 1.04765 1.04661 1.04593 1.04631 1.04751 1.04867 1.05013 1.05173 1.05319 1.05457 1.06799 1.10957 1.238 1.31788 1.46073 1.02442 1.17306 1.00055 1.01189 1.00205 1.00011 1 1 1 1 1 1 1 1 1 1 1 1 1 1 1 1 1 1 1 1 1 1 1 1 1 1.00529 1.20513 
3.72406 1.19972 1.00529 1 1 1 1 1 1 1 1 1 1 1 1 1 1 1 1 1 1 1 1 1 1 1 1 1 1 1.00003 1.00015 1.00093 1.00412 1.00577 1.00519 1.04989 1.07176 1.07333 1.09413 1.0185 1.03695 1.01084 1.01173 1.0109 1.01158 1.01061 1.01133 1.01725 1.00582 1.03941 1.05606 1.30575 1.44573 1.35682 1.30459 1.19839 1.13476 1.08742 1.08176 1.08066 1.07614 1.07457 1.06997 1.06912 1.06852 1.06576 1.06282 1.05949 1.05817 1.05528 1.05513 1.05926 1.06182 1.05926 1.05851 1.06019 1.05896 1.05525 1.05158 1.0492 1.04921 1.04993 1.05092 1.05184 1.05306 1.05414 1.05504 1.06817 1.10963 1.24029 1.23953 1.45177 1.4793 1.02818 1.15596 1.00119 1.01049 1.00188 1.00011 1.00001 1 1 1 1 1 1 1 1 1 1 1 1 1 1 1 1 1 1 1 1 1 1 1 1 1 1.00529 1.20513 
3.72406 1.19972 1.00529 1 1 1 1 1 1 1 1 1 1 1 1 1 1 1 1 1 1 1 1 1 1 1 1 1 1 1 1.00001 1.00006 1.00044 1.00136 1.00377 1.0001 1.0041 1.00213 1.00337 1.05276 1.06237 1.07307 1.0752 1.07951 1.08071 1.08161 1.08073 1.0782 1.07134 1.12277 1.17723 1.02426 1.03185 1.12922 1.29941 1.3544 1.32934 1.22673 1.18189 1.13662 1.09155 1.07931 1.08151 1.08128 1.08146 1.07861 1.07912 1.07456 1.08317 1.08373 1.07841 1.07955 1.08995 1.08763 1.07892 1.06741 1.06004 1.054 1.05293 1.05356 1.0536 1.05434 1.05456 1.05585 1.05606 1.06935 1.11053 1.23982 1.23959 1.45063 1.36439 1.04476 1.04339 1.07728 1.00236 1.00446 1.00074 1.00005 1 1 1 1 1 1 1 1 1 1 1 1 1 1 1 1 1 1 1 1 1 1 1 1 1 1 1 1.00529 1.20513 
3.72406 1.19972 1.00529 1 1 1 1 1 1 1 1 1 1 1 1 1 1 1 1 1 1 1 1 1 1 1 1 1 1 1 1 1 1.00003 1.00013 1.00038 1.00135 1.0022 1.003 1.00837 1.00086 1.00644 1.00175 1.00226 1.00243 1.00283 1.00267 1.00275 1.00325 1.00073 1.00695 1.0215 1.09799 1.13221 1.11584 1.09982 1.19294 1.48089 1.4901 1.44254 1.25116 1.23406 1.13819 1.13503 1.13543 1.13341 1.14141 1.15882 1.19657 1.21726 1.22362 1.20979 1.18991 1.15474 1.17747 1.12472 1.07108 1.05571 1.05744 1.05765 1.05656 1.06912 1.10944 1.14104 1.14001 1.14309 1.2365 1.24431 1.4421 1.3365 1.04277 1.01531 1.08523 1.05866 1.0033 1.00384 1.00069 1.00006 1.00001 1 1 1 1 1 1 1 1 1 1 1 1 1 1 1 1 1 1 1 1 1 1 1 1 1 1 1 1.00529 1.20513 
3.72406 1.19972 1.00529 1 1 1 1 1 1 1 1 1 1 1 1 1 1 1 1 1 1 1 1 1 1 1 1 1 1 1 1 1 1 1.00001 1.00002 1.00012 1.0002 1.0003 1.00078 1.00212 1.00272 1.00312 1.0036 1.0055 1.0068 1.0072 1.00653 1.00362 1.00378 1.01332 1.04066 1.0051 1.01478 1.01632 1.02682 1.07914 1.05598 1.05411 1.02885 1.32374 1.46096 1.41643 1.40945 1.41019 1.40912 1.42073 1.43543 1.51929 1.53831 1.51875 1.53576 1.48047 1.40282 1.42168 1.25278 1.23726 1.14338 1.14196 1.1417 1.14245 1.23609 1.24496 1.40784 1.42609 1.42178 1.44735 1.29958 1.03952 1.01384 1.08666 1.05438 1.0033 1.00287 1.00199 1.00039 1.00004 1 1 1 1 1 1 1 1 1 1 1 1 1 1 1 1 1 1 1 1 1 1 1 1 1 1 1 1 1 1.00529 1.20513 
3.72406 1.19972 1.00529 1 1 1 1 1 1 1 1 1 1 1 1 1 1 1 1 1 1 1 1 1 1 1 1 1 1 1 1 1 1 1 1 1.00001 1.00001 1.00002 1.00005 1.00019 1.00023 1.00031 1.00036 1.00047 1.0005 1.00055 1.0005 1.00035 1.00038 1.00076 1.00056 1.00863 1.0215 1.02756 1.01376 1.00886 1.06762 1.10802 1.10599 1.01437 1.03744 1.01305 1.01159 1.01223 1.01124 1.015 1.01179 1.0482 1.0524 1.0185 1.05379 1.02583 1.00512 1.01775 1.25943 1.42666 1.42258 1.41629 1.41599 1.4196 1.41854 1.25107 1.01524 1.01565 1.01083 1.03047 1.01193 1.08108 1.0461 1.00422 1.0002 1.00277 1.00086 1.0002 1.00002 1 1 1 1 1 1 1 1 1 1 1 1 1 1 1 1 1 1 1 1 1 1 1 1 1 1 1 1 1 1 1.00529 1.20513 
3.72406 1.19972 1.00529 1 1 1 1 1 1 1 1 1 1 1 1 1 1 1 1 1 1 1 1 1 1 1 1 1 1 1 1 1 1 1 1 1 1 1 1 1.00001 1.00002 1.00002 1.00002 1.00003 1.00003 1.00003 1.00003 1.00002 1.00002 1.00012 1.00039 1.00147 1.00026 1.00131 1.0013 1.00427 1.00001 1.006 1.00477 1.07168 1.08929 1.08666 1.08926 1.09173 1.09396 1.09164 1.09206 1.10479 1.1176 1.05906 1.12188 1.06875 1.07445 1.07808 1.02234 1.03532 1.00979 1.00993 1.00933 1.00901 1.03762 1.02224 1.08041 1.06529 1.06128 1.05057 1.03716 1.00406 1.00019 1.0031 1.00121 1.00027 1.00008 1.00001 1 1 1 1 1 1 1 1 1 1 1 1 1 1 1 1 1 1 1 1 1 1 1 1 1 1 1 1 1 1 1 1.00529 1.20513 
3.72406 1.19972 1.00529 1 1 1 1 1 1 1 1 1 1 1 1 1 1 1 1 1 1 1 1 1 1 1 1 1 1 1 1 1 1 1 1 1 1 1 1 1 1 1 1 1 1 1 1 1 1 1.00001 1.00003 1.00009 1.00024 1.00008 1.00039 1.00037 1.00241 1.00366 1.01233 1.00096 1.00952 1.0034 1.00354 1.00419 1.00409 1.00517 1.00341 1.00774 1.00586 1.00289 1.00639 1.00489 1.0006 1.00213 1.03174 1.03761 1.05129 1.05106 1.05124 1.05159 1.03701 1.03358 1.00211 1.0015 1.00104 1.00252 1.00026 1.00263 1.00112 1.00031 1.00011 1.00002 1.00001 1 1 1 1 1 1 1 1 1 1 1 1 1 1 1 1 1 1 1 1 1 1 1 1 1 1 1 1 1 1 1 1 1.00529 1.20513 
3.72406 1.19972 1.00529 1 1 1 1 1 1 1 1 1 1 1 1 1 1 1 1 1 1 1 1 1 1 1 1 1 1 1 1 1 1 1 1 1 1 1 1 1 1 1 1 1 1 1 1 1 1 1 1 1.00001 1.00002 1.00001 1.00003 1.00002 1.00023 1.00038 1.00116 1.00369 1.00512 1.00877 1.01177 1.01413 1.01605 1.01407 1.0118 1.0047 1.00336 1.00161 1.00317 1.00294 1.00445 1.00343 1.00068 1.00321 1.00053 1.00059 1.00055 1.00048 1.00355 1.00071 1.00397 1.00215 1.00166 1.00115 1.00081 1.00025 1.0001 1.00002 1.00001 1 1 1 1 1 1 1 1 1 1 1 1 1 1 1 1 1 1 1 1 1 1 1 1 1 1 1 1 1 1 1 1 1 1 1.00529 1.20513 
3.72406 1.19972 1.00529 1 1 1 1 1 1 1 1 1 1 1 1 1 1 1 1 1 1 1 1 1 1 1 1 1 1 1 1 1 1 1 1 1 1 1 1 1 1 1 1 1 1 1 1 1 1 1 1 1 1 1 1 1 1.00002 1.00002 1.00007 1.00037 1.00048 1.00064 1.00086 1.001 1.00118 1.00091 1.00095 1.0004 1.00037 1.00015 1.00035 1.00014 1.00047 1.00036 1.00088 1.00108 1.00103 1.00103 1.00106 1.00107 1.00111 1.00099 1.00042 1.0002 1.00015 1.00009 1.00007 1.00002 1.00001 1 1 1 1 1 1 1 1 1 1 1 1 1 1 1 1 1 1 1 1 1 1 1 1 1 1 1 1 1 1 1 1 1 1 1 1 1.00529 1.20513 
3.72406 1.19972 1.00529 1 1 1 1 1 1 1 1 1 1 1 1 1 1 1 1 1 1 1 1 1 1 1 1 1 1 1 1 1 1 1 1 1 1 1 1 1 1 1 1 1 1 1 1 1 1 1 1 1 1 1 1 1 1 1 1.00001 1.00002 1.00003 1.00004 1.00005 1.00006 1.00007 1.00006 1.00006 1.00002 1.00002 1.00001 1.00002 1.00001 1.00003 1.00002 1.00007 1.00008 1.00009 1.00009 1.00009 1.00009 1.00008 1.00008 1.00003 1.00001 1.00001 1.00001 1 1 1 1 1 1 1 1 1 1 1 1 1 1 1 1 1 1 1 1 1 1 1 1 1 1 1 1 1 1 1 1 1 1 1 1 1 1 1 1.00529 1.20513 
3.72406 1.19972 1.00529 1 1 1 1 1 1 1 1 1 1 1 1 1 1 1 1 1 1 1 1 1 1 1 1 1 1 1 1 1 1 1 1 1 1 1 1 1 1 1 1 1 1 1 1 1 1 1 1 1 1 1 1 1 1 1 1 1 1 1 1 1 1.00001 1 1 1 1 1 1 1 1 1 1 1.00001 1.00001 1.00001 1.00001 1.00001 1.00001 1.00001 1 1 1 1 1 1 1 1 1 1 1 1 1 1 1 1 1 1 1 1 1 1 1 1 1 1 1 1 1 1 1 1 1 1 1 1 1 1 1 1 1 1 1 1.00529 1.20513 
3.72406 1.19972 1.00529 1 1 1 1 1 1 1 1 1 1 1 1 1 1 1 1 1 1 1 1 1 1 1 1 1 1 1 1 1 1 1 1 1 1 1 1 1 1 1 1 1 1 1 1 1 1 1 1 1 1 1 1 1 1 1 1 1 1 1 1 1 1 1 1 1 1 1 1 1 1 1 1 1 1 1 1 1 1 1 1 1 1 1 1 1 1 1 1 1 1 1 1 1 1 1 1 1 1 1 1 1 1 1 1 1 1 1 1 1 1 1 1 1 1 1 1 1 1 1 1 1 1 1.00529 1.20513 
3.72406 1.19972 1.00529 1 1 1 1 1 1 1 1 1 1 1 1 1 1 1 1 1 1 1 1 1 1 1 1 1 1 1 1 1 1 1 1 1 1 1 1 1 1 1 1 1 1 1 1 1 1 1 1 1 1 1 1 1 1 1 1 1 1 1 1 1 1 1 1 1 1 1 1 1 1 1 1 1 1 1 1 1 1 1 1 1 1 1 1 1 1 1 1 1 1 1 1 1 1 1 1 1 1 1 1 1 1 1 1 1 1 1 1 1 1 1 1 1 1 1 1 1 1 1 1 1 1 1.00529 1.20513 
3.72406 1.19972 1.00529 1 1 1 1 1 1 1 1 1 1 1 1 1 1 1 1 1 1 1 1 1 1 1 1 1 1 1 1 1 1 1 1 1 1 1 1 1 1 1 1 1 1 1 1 1 1 1 1 1 1 1 1 1 1 1 1 1 1 1 1 1 1 1 1 1 1 1 1 1 1 1 1 1 1 1 1 1 1 1 1 1 1 1 1 1 1 1 1 1 1 1 1 1 1 1 1 1 1 1 1 1 1 1 1 1 1 1 1 1 1 1 1 1 1 1 1 1 1 1 1 1 1 1.00529 1.20513 
3.72406 1.19972 1.00529 1 1 1 1 1 1 1 1 1 1 1 1 1 1 1 1 1 1 1 1 1 1 1 1 1 1 1 1 1 1 1 1 1 1 1 1 1 1 1 1 1 1 1 1 1 1 1 1 1 1 1 1 1 1 1 1 1 1 1 1 1 1 1 1 1 1 1 1 1 1 1 1 1 1 1 1 1 1 1 1 1 1 1 1 1 1 1 1 1 1 1 1 1 1 1 1 1 1 1 1 1 1 1 1 1 1 1 1 1 1 1 1 1 1 1 1 1 1 1 1 1 1 1.00529 1.20513 
3.72406 1.19972 1.00529 1 1 1 1 1 1 1 1 1 1 1 1 1 1 1 1 1 1 1 1 1 1 1 1 1 1 1 1 1 1 1 1 1 1 1 1 1 1 1 1 1 1 1 1 1 1 1 1 1 1 1 1 1 1 1 1 1 1 1 1 1 1 1 1 1 1 1 1 1 1 1 1 1 1 1 1 1 1 1 1 1 1 1 1 1 1 1 1 1 1 1 1 1 1 1 1 1 1 1 1 1 1 1 1 1 1 1 1 1 1 1 1 1 1 1 1 1 1 1 1 1 1 1.00529 1.20513 
3.72406 1.19972 1.00529 1 1 1 1 1 1 1 1 1 1 1 1 1 1 1 1 1 1 1 1 1 1 1 1 1 1 1 1 1 1 1 1 1 1 1 1 1 1 1 1 1 1 1 1 1 1 1 1 1 1 1 1 1 1 1 1 1 1 1 1 1 1 1 1 1 1 1 1 1 1 1 1 1 1 1 1 1 1 1 1 1 1 1 1 1 1 1 1 1 1 1 1 1 1 1 1 1 1 1 1 1 1 1 1 1 1 1 1 1 1 1 1 1 1 1 1 1 1 1 1 1 1 1.00529 1.20513 
3.72406 1.19972 1.00529 1 1 1 1 1 1 1 1 1 1 1 1 1 1 1 1 1 1 1 1 1 1 1 1 1 1 1 1 1 1 1 1 1 1 1 1 1 1 1 1 1 1 1 1 1 1 1 1 1 1 1 1 1 1 1 1 1 1 1 1 1 1 1 1 1 1 1 1 1 1 1 1 1 1 1 1 1 1 1 1 1 1 1 1 1 1 1 1 1 1 1 1 1 1 1 1 1 1 1 1 1 1 1 1 1 1 1 1 1 1 1 1 1 1 1 1 1 1 1 1 1 1 1.00529 1.20513 
3.72406 1.19972 1.00529 1 1 1 1 1 1 1 1 1 1 1 1 1 1 1 1 1 1 1 1 1 1 1 1 1 1 1 1 1 1 1 1 1 1 1 1 1 1 1 1 1 1 1 1 1 1 1 1 1 1 1 1 1 1 1 1 1 1 1 1 1 1 1 1 1 1 1 1 1 1 1 1 1 1 1 1 1 1 1 1 1 1 1 1 1 1 1 1 1 1 1 1 1 1 1 1 1 1 1 1 1 1 1 1 1 1 1 1 1 1 1 1 1 1 1 1 1 1 1 1 1 1 1.00529 1.20513 
3.72406 1.19972 1.00529 1 1 1 1 1 1 1 1 1 1 1 1 1 1 1 1 1 1 1 1 1 1 1 1 1 1 1 1 1 1 1 1 1 1 1 1 1 1 1 1 1 1 1 1 1 1 1 1 1 1 1 1 1 1 1 1 1 1 1 1 1 1 1 1 1 1 1 1 1 1 1 1 1 1 1 1 1 1 1 1 1 1 1 1 1 1 1 1 1 1 1 1 1 1 1 1 1 1 1 1 1 1 1 1 1 1 1 1 1 1 1 1 1 1 1 1 1 1 1 1 1 1 1.00529 1.20513 
3.72406 1.19972 1.00529 1 1 1 1 1 1 1 1 1 1 1 1 1 1 1 1 1 1 1 1 1 1 1 1 1 1 1 1 1 1 1 1 1 1 1 1 1 1 1 1 1 1 1 1 1 1 1 1 1 1 1 1 1 1 1 1 1 1 1 1 1 1 1 1 1 1 1 1 1 1 1 1 1 1 1 1 1 1 1 1 1 1 1 1 1 1 1 1 1 1 1 1 1 1 1 1 1 1 1 1 1 1 1 1 1 1 1 1 1 1 1 1 1 1 1 1 1 1 1 1 1 1 1.00529 1.20513 
3.72406 1.19972 1.00529 1 1 1 1 1 1 1 1 1 1 1 1 1 1 1 1 1 1 1 1 1 1 1 1 1 1 1 1 1 1 1 1 1 1 1 1 1 1 1 1 1 1 1 1 1 1 1 1 1 1 1 1 1 1 1 1 1 1 1 1 1 1 1 1 1 1 1 1 1 1 1 1 1 1 1 1 1 1 1 1 1 1 1 1 1 1 1 1 1 1 1 1 1 1 1 1 1 1 1 1 1 1 1 1 1 1 1 1 1 1 1 1 1 1 1 1 1 1 1 1 1 1 1.00529 1.20513 
3.72406 1.19972 1.00529 1 1 1 1 1 1 1 1 1 1 1 1 1 1 1 1 1 1 1 1 1 1 1 1 1 1 1 1 1 1 1 1 1 1 1 1 1 1 1 1 1 1 1 1 1 1 1 1 1 1 1 1 1 1 1 1 1 1 1 1 1 1 1 1 1 1 1 1 1 1 1 1 1 1 1 1 1 1 1 1 1 1 1 1 1 1 1 1 1 1 1 1 1 1 1 1 1 1 1 1 1 1 1 1 1 1 1 1 1 1 1 1 1 1 1 1 1 1 1 1 1 1 1.00529 1.20513 
3.72406 1.19972 1.00529 1 1 1 1 1 1 1 1 1 1 1 1 1 1 1 1 1 1 1 1 1 1 1 1 1 1 1 1 1 1 1 1 1 1 1 1 1 1 1 1 1 1 1 1 1 1 1 1 1 1 1 1 1 1 1 1 1 1 1 1 1 1 1 1 1 1 1 1 1 1 1 1 1 1 1 1 1 1 1 1 1 1 1 1 1 1 1 1 1 1 1 1 1 1 1 1 1 1 1 1 1 1 1 1 1 1 1 1 1 1 1 1 1 1 1 1 1 1 1 1 1 1 1.00529 1.20513 
3.72406 1.19972 1.00529 1 1 1 1 1 1 1 1 1 1 1 1 1 1 1 1 1 1 1 1 1 1 1 1 1 1 1 1 1 1 1 1 1 1 1 1 1 1 1 1 1 1 1 1 1 1 1 1 1 1 1 1 1 1 1 1 1 1 1 1 1 1 1 1 1 1 1 1 1 1 1 1 1 1 1 1 1 1 1 1 1 1 1 1 1 1 1 1 1 1 1 1 1 1 1 1 1 1 1 1 1 1 1 1 1 1 1 1 1 1 1 1 1 1 1 1 1 1 1 1 1 1 1.00529 1.20513 
3.72406 1.19972 1.00529 1 1 1 1 1 1 1 1 1 1 1 1 1 1 1 1 1 1 1 1 1 1 1 1 1 1 1 1 1 1 1 1 1 1 1 1 1 1 1 1 1 1 1 1 1 1 1 1 1 1 1 1 1 1 1 1 1 1 1 1 1 1 1 1 1 1 1 1 1 1 1 1 1 1 1 1 1 1 1 1 1 1 1 1 1 1 1 1 1 1 1 1 1 1 1 1 1 1 1 1 1 1 1 1 1 1 1 1 1 1 1 1 1 1 1 1 1 1 1 1 1 1 1.00529 1.20513 
3.72406 1.19972 1.00529 1 1 1 1 1 1 1 1 1 1 1 1 1 1 1 1 1 1 1 1 1 1 1 1 1 1 1 1 1 1 1 1 1 1 1 1 1 1 1 1 1 1 1 1 1 1 1 1 1 1 1 1 1 1 1 1 1 1 1 1 1 1 1 1 1 1 1 1 1 1 1 1 1 1 1 1 1 1 1 1 1 1 1 1 1 1 1 1 1 1 1 1 1 1 1 1 1 1 1 1 1 1 1 1 1 1 1 1 1 1 1 1 1 1 1 1 1 1 1 1 1 1 1.00529 1.20513 
3.72406 1.19972 1.00529 1 1 1 1 1 1 1 1 1 1 1 1 1 1 1 1 1 1 1 1 1 1 1 1 1 1 1 1 1 1 1 1 1 1 1 1 1 1 1 1 1 1 1 1 1 1 1 1 1 1 1 1 1 1 1 1 1 1 1 1 1 1 1 1 1 1 1 1 1 1 1 1 1 1 1 1 1 1 1 1 1 1 1 1 1 1 1 1 1 1 1 1 1 1 1 1 1 1 1 1 1 1 1 1 1 1 1 1 1 1 1 1 1 1 1 1 1 1 1 1 1 1 1.00529 1.20513 
3.72406 1.19972 1.00529 1 1 1 1 1 1 1 1 1 1 1 1 1 1 1 1 1 1 1 1 1 1 1 1 1 1 1 1 1 1 1 1 1 1 1 1 1 1 1 1 1 1 1 1 1 1 1 1 1 1 1 1 1 1 1 1 1 1 1 1 1 1 1 1 1 1 1 1 1 1 1 1 1 1 1 1 1 1 1 1 1 1 1 1 1 1 1 1 1 1 1 1 1 1 1 1 1 1 1 1 1 1 1 1 1 1 1 1 1 1 1 1 1 1 1 1 1 1 1 1 1 1 1.00529 1.20513 
3.72406 1.19972 1.00529 1 1 1 1 1 1 1 1 1 1 1 1 1 1 1 1 1 1 1 1 1 1 1 1 1 1 1 1 1 1 1 1 1 1 1 1 1 1 1 1 1 1 1 1 1 1 1 1 1 1 1 1 1 1 1 1 1 1 1 1 1 1 1 1 1 1 1 1 1 1 1 1 1 1 1 1 1 1 1 1 1 1 1 1 1 1 1 1 1 1 1 1 1 1 1 1 1 1 1 1 1 1 1 1 1 1 1 1 1 1 1 1 1 1 1 1 1 1 1 1 1 1 1.00529 1.20513 
3.72406 1.19972 1.00529 1 1 1 1 1 1 1 1 1 1 1 1 1 1 1 1 1 1 1 1 1 1 1 1 1 1 1 1 1 1 1 1 1 1 1 1 1 1 1 1 1 1 1 1 1 1 1 1 1 1 1 1 1 1 1 1 1 1 1 1 1 1 1 1 1 1 1 1 1 1 1 1 1 1 1 1 1 1 1 1 1 1 1 1 1 1 1 1 1 1 1 1 1 1 1 1 1 1 1 1 1 1 1 1 1 1 1 1 1 1 1 1 1 1 1 1 1 1 1 1 1 1 1.00529 1.20513 
3.72406 1.19972 1.00529 1 1 1 1 1 1 1 1 1 1 1 1 1 1 1 1 1 1 1 1 1 1 1 1 1 1 1 1 1 1 1 1 1 1 1 1 1 1 1 1 1 1 1 1 1 1 1 1 1 1 1 1 1 1 1 1 1 1 1 1 1 1 1 1 1 1 1 1 1 1 1 1 1 1 1 1 1 1 1 1 1 1 1 1 1 1 1 1 1 1 1 1 1 1 1 1 1 1 1 1 1 1 1 1 1 1 1 1 1 1 1 1 1 1 1 1 1 1 1 1 1 1 1.00529 1.20513 
3.72406 1.19972 1.00529 1 1 1 1 1 1 1 1 1 1 1 1 1 1 1 1 1 1 1 1 1 1 1 1 1 1 1 1 1 1 1 1 1 1 1 1 1 1 1 1 1 1 1 1 1 1 1 1 1 1 1 1 1 1 1 1 1 1 1 1 1 1 1 1 1 1 1 1 1 1 1 1 1 1 1 1 1 1 1 1 1 1 1 1 1 1 1 1 1 1 1 1 1 1 1 1 1 1 1 1 1 1 1 1 1 1 1 1 1 1 1 1 1 1 1 1 1 1 1 1 1 1 1.00529 1.20513 
3.72406 1.19972 1.00529 1 1 1 1 1 1 1 1 1 1 1 1 1 1 1 1 1 1 1 1 1 1 1 1 1 1 1 1 1 1 1 1 1 1 1 1 1 1 1 1 1 1 1 1 1 1 1 1 1 1 1 1 1 1 1 1 1 1 1 1 1 1 1 1 1 1 1 1 1 1 1 1 1 1 1 1 1 1 1 1 1 1 1 1 1 1 1 1 1 1 1 1 1 1 1 1 1 1 1 1 1 1 1 1 1 1 1 1 1 1 1 1 1 1 1 1 1 1 1 1 1 1 1.00529 1.20513 
3.72406 1.19972 1.00529 1 1 1 1 1 1 1 1 1 1 1 1 1 1 1 1 1 1 1 1 1 1 1 1 1 1 1 1 1 1 1 1 1 1 1 1 1 1 1 1 1 1 1 1 1 1 1 1 1 1 1 1 1 1 1 1 1 1 1 1 1 1 1 1 1 1 1 1 1 1 1 1 1 1 1 1 1 1 1 1 1 1 1 1 1 1 1 1 1 1 1 1 1 1 1 1 1 1 1 1 1 1 1 1 1 1 1 1 1 1 1 1 1 1 1 1 1 1 1 1 1 1 1.00529 1.20513 
3.72406 1.19972 1.00529 1 1 1 1 1 1 1 1 1 1 1 1 1 1 1 1 1 1 1 1 1 1 1 1 1 1 1 1 1 1 1 1 1 1 1 1 1 1 1 1 1 1 1 1 1 1 1 1 1 1 1 1 1 1 1 1 1 1 1 1 1 1 1 1 1 1 1 1 1 1 1 1 1 1 1 1 1 1 1 1 1 1 1 1 1 1 1 1 1 1 1 1 1 1 1 1 1 1 1 1 1 1 1 1 1 1 1 1 1 1 1 1 1 1 1 1 1 1 1 1 1 1 1.00529 1.20513 
3.72406 1.19972 1.00529 1 1 1 1 1 1 1 1 1 1 1 1 1 1 1 1 1 1 1 1 1 1 1 1 1 1 1 1 1 1 1 1 1 1 1 1 1 1 1 1 1 1 1 1 1 1 1 1 1 1 1 1 1 1 1 1 1 1 1 1 1 1 1 1 1 1 1 1 1 1 1 1 1 1 1 1 1 1 1 1 1 1 1 1 1 1 1 1 1 1 1 1 1 1 1 1 1 1 1 1 1 1 1 1 1 1 1 1 1 1 1 1 1 1 1 1 1 1 1 1 1 1 1.00529 1.20513 
3.72406 1.19972 1.00529 1 1 1 1 1 1 1 1 1 1 1 1 1 1 1 1 1 1 1 1 1 1 1 1 1 1 1 1 1 1 1 1 1 1 1 1 1 1 1 1 1 1 1 1 1 1 1 1 1 1 1 1 1 1 1 1 1 1 1 1 1 1 1 1 1 1 1 1 1 1 1 1 1 1 1 1 1 1 1 1 1 1 1 1 1 1 1 1 1 1 1 1 1 1 1 1 1 1 1 1 1 1 1 1 1 1 1 1 1 1 1 1 1 1 1 1 1 1 1 1 1 1 1.00529 1.20513 
3.72406 1.19972 1.00529 1 1 1 1 1 1 1 1 1 1 1 1 1 1 1 1 1 1 1 1 1 1 1 1 1 1 1 1 1 1 1 1 1 1 1 1 1 1 1 1 1 1 1 1 1 1 1 1 1 1 1 1 1 1 1 1 1 1 1 1 1 1 1 1 1 1 1 1 1 1 1 1 1 1 1 1 1 1 1 1 1 1 1 1 1 1 1 1 1 1 1 1 1 1 1 1 1 1 1 1 1 1 1 1 1 1 1 1 1 1 1 1 1 1 1 1 1 1 1 1 1 1 1.00529 1.20513 
3.72406 1.19972 1.00529 1 1 1 1 1 1 1 1 1 1 1 1 1 1 1 1 1 1 1 1 1 1 1 1 1 1 1 1 1 1 1 1 1 1 1 1 1 1 1 1 1 1 1 1 1 1 1 1 1 1 1 1 1 1 1 1 1 1 1 1 1 1 1 1 1 1 1 1 1 1 1 1 1 1 1 1 1 1 1 1 1 1 1 1 1 1 1 1 1 1 1 1 1 1 1 1 1 1 1 1 1 1 1 1 1 1 1 1 1 1 1 1 1 1 1 1 1 1 1 1 1 1 1.00529 1.20513 
3.72406 1.19972 1.00529 1 1 1 1 1 1 1 1 1 1 1 1 1 1 1 1 1 1 1 1 1 1 1 1 1 1 1 1 1 1 1 1 1 1 1 1 1 1 1 1 1 1 1 1 1 1 1 1 1 1 1 1 1 1 1 1 1 1 1 1 1 1 1 1 1 1 1 1 1 1 1 1 1 1 1 1 1 1 1 1 1 1 1 1 1 1 1 1 1 1 1 1 1 1 1 1 1 1 1 1 1 1 1 1 1 1 1 1 1 1 1 1 1 1 1 1 1 1 1 1 1 1 1.00529 1.20513 
3.72406 1.19972 1.00529 1 1 1 1 1 1 1 1 1 1 1 1 1 1 1 1 1 1 1 1 1 1 1 1 1 1 1 1 1 1 1 1 1 1 1 1 1 1 1 1 1 1 1 1 1 1 1 1 1 1 1 1 1 1 1 1 1 1 1 1 1 1 1 1 1 1 1 1 1 1 1 1 1 1 1 1 1 1 1 1 1 1 1 1 1 1 1 1 1 1 1 1 1 1 1 1 1 1 1 1 1 1 1 1 1 1 1 1 1 1 1 1 1 1 1 1 1 1 1 1 1 1 1.00529 1.20513 
3.72406 1.19972 1.00529 1 1 1 1 1 1 1 1 1 1 1 1 1 1 1 1 1 1 1 1 1 1 1 1 1 1 1 1 1 1 1 1 1 1 1 1 1 1 1 1 1 1 1 1 1 1 1 1 1 1 1 1 1 1 1 1 1 1 1 1 1 1 1 1 1 1 1 1 1 1 1 1 1 1 1 1 1 1 1 1 1 1 1 1 1 1 1 1 1 1 1 1 1 1 1 1 1 1 1 1 1 1 1 1 1 1 1 1 1 1 1 1 1 1 1 1 1 1 1 1 1 1 1.00529 1.20513 
3.72406 1.19972 1.00529 1 1 1 1 1 1 1 1 1 1 1 1 1 1 1 1 1 1 1 1 1 1 1 1 1 1 1 1 1 1 1 1 1 1 1 1 1 1 1 1 1 1 1 1 1 1 1 1 1 1 1 1 1 1 1 1 1 1 1 1 1 1 1 1 1 1 1 1 1 1 1 1 1 1 1 1 1 1 1 1 1 1 1 1 1 1 1 1 1 1 1 1 1 1 1 1 1 1 1 1 1 1 1 1 1 1 1 1 1 1 1 1 1 1 1 1 1 1 1 1 1 1 1.00529 1.20513 
3.72406 1.19972 1.00529 1 1 1 1 1 1 1 1 1 1 1 1 1 1 1 1 1 1 1 1 1 1 1 1 1 1 1 1 1 1 1 1 1 1 1 1 1 1 1 1 1 1 1 1 1 1 1 1 1 1 1 1 1 1 1 1 1 1 1 1 1 1 1 1 1 1 1 1 1 1 1 1 1 1 1 1 1 1 1 1 1 1 1 1 1 1 1 1 1 1 1 1 1 1 1 1 1 1 1 1 1 1 1 1 1 1 1 1 1 1 1 1 1 1 1 1 1 1 1 1 1 1 1.00529 1.20513 
3.72406 1.30726 1.01398 1.00529 1.00529 1.00529 1.00529 1.00529 1.00529 1.00529 1.00529 1.00529 1.00529 1.00529 1.00529 1.00529 1.00529 1.00529 1.00529 1.00529 1.00529 1.00529 1.00529 1.00529 1.00529 1.00529 1.00529 1.00529 1.00529 1.00529 1.00529 1.00529 1.00529 1.00529 1.00529 1.00529 1.00529 1.00529 1.00529 1.00529 1.00529 1.00529 1.00529 1.00529 1.00529 1.00529 1.00529 1.00529 1.00529 1.00529 1.00529 1.00529 1.00529 1.00529 1.00529 1.00529 1.00529 1.00529 1.00529 1.00529 1.00529 1.00529 1.00529 1.00529 1.00529 1.00529 1.00529 1.00529 1.00529 1.00529 1.00529 1.00529 1.00529 1.00529 1.00529 1.00529 1.00529 1.00529 1.00529 1.00529 1.00529 1.00529 1.00529 1.00529 1.00529 1.00529 1.00529 1.00529 1.00529 1.00529 1.00529 1.00529 1.00529 1.00529 1.00529 1.00529 1.00529 1.00529 1.00529 1.00529 1.00529 1.00529 1.00529 1.00529 1.00529 1.00529 1.00529 1.00529 1.00529 1.00529 1.00529 1.00529 1.00529 1.00529 1.00529 1.00529 1.00529 1.00529 1.00529 1.00529 1.00529 1.00529 1.00529 1.00529 1.00529 1.01398 1.31122 
7.46909 2.0236 1.31121 1.20513 1.20513 1.20513 1.20513 1.20513 1.20513 1.20513 1.20513 1.20513 1.20513 1.20513 1.20513 1.20513 1.20513 1.20513 1.20513 1.20513 1.20513 1.20513 1.20513 1.20513 1.20513 1.20513 1.20513 1.20513 1.20513 1.20513 1.20513 1.20513 1.20513 1.20513 1.20513 1.20513 1.20513 1.20513 1.20513 1.20513 1.20513 1.20513 1.20513 1.20513 1.20513 1.20513 1.20513 1.20513 1.20513 1.20513 1.20513 1.20513 1.20513 1.20513 1.20513 1.20513 1.20513 1.20513 1.20513 1.20513 1.20513 1.20513 1.20513 1.20513 1.20513 1.20513 1.20513 1.20513 1.20513 1.20513 1.20513 1.20513 1.20513 1.20513 1.20513 1.20513 1.20513 1.20513 1.20513 1.20513 1.20513 1.20513 1.20513 1.20513 1.20513 1.20513 1.20513 1.20513 1.20513 1.20513 1.20513 1.20513 1.20513 1.20513 1.20513 1.20513 1.20513 1.20513 1.20513 1.20513 1.20513 1.20513 1.20513 1.20513 1.20513 1.20513 1.20513 1.20513 1.20513 1.20513 1.20513 1.20513 1.20513 1.20513 1.20513 1.20513 1.20513 1.20513 1.20513 1.20513 1.20513 1.20513 1.20513 1.20513 1.20513 1.31121 2.03797 
