#No recentering correction has been made! Must use full expression for cumulants!
#i	j	<z^i zbar^j>_eps	<z^i zbar^j>_U	<z^i zbar^j>_Ubar	<z^i zbar^j>_C	<z^i zbar^j>_T	<z^i zbar^j>_s
0	0	(35.2298,0)	(5.34637e-08,-5.08477e-08)	(5.34637e-08,5.08477e-08)	(-9.82385e-08,5.03441e-08)	(-3.46092e-06,-1.77361e-06)	(-0.5,0)	(48.885,0)
0	1	(1.50767,0.868806)	(-0.446611,-1.28905e-07)	(4.55455e-07,-7.58282e-08)	(-1.31512e-07,1.47925e-08)	(-5.52601e-06,9.63183e-07)	(-0.753835,-0.434403)	(1.50799,0.869498)
0	2	(1.87417,2.20734)	(-1.34668,-0.77604)	(3.81112e-06,3.16643e-06)	(-0.0997268,6.32297e-07)	(0.000201817,7.00261e-06)	(-0.937084,-1.10367)	(1.94012,2.13365)
0	3	(2.69438,4.33039)	(-2.51108,-2.95746)	(6.15442e-06,-2.68926e-07)	(-0.451071,-0.25993)	(0.000669023,0.000460443)	(-1.34719,-2.1652)	(3.18947,4.16446)
0	4	(4.89373,8.83766)	(-4.81406,-7.73668)	(-0.000659427,0.000667424)	(-1.12144,-1.32079)	(0.00222622,0.00193566)	(-2.44687,-4.41883)	(6.40767,8.76646)
0	5	(10.9987,18.9376)	(-10.9939,-19.735)	(0.000165972,-0.000195273)	(-2.69224,-4.3238)	(-0.151865,-0.152773)	(-5.49937,-9.46878)	(16.3749,18.9087)
1	0	(1.50767,-0.868806)	(4.55455e-07,7.58282e-08)	(-0.446611,1.28905e-07)	(-1.56856e-07,-2.734e-08)	(-4.63315e-06,-5.21136e-07)	(-0.753835,0.434403)	(1.50799,-0.869498)
1	1	(5.28777,0)	(-0.673338,0.388023)	(-0.673338,-0.388023)	(-1.95076e-06,7.73197e-07)	(-6.87248e-05,-2.72396e-05)	(-2.64388,0)	(5.61237,0)
1	2	(11.5559,5.6283)	(-4.63384,-1.16547e-06)	(-0.837018,-0.985822)	(-0.150343,0.0866638)	(0.000703698,0.000393195)	(-5.77796,-2.81415)	(12.5624,6.02229)
1	3	(20.4863,19.209)	(-15.0796,-7.30951)	(-1.20261,-1.93329)	(-1.54174,1.55029e-05)	(0.0178008,-6.93752e-05)	(-10.2432,-9.60449)	(23.4374,20.0562)
1	4	(39.1874,48.2987)	(-35.5964,-33.1361)	(-2.19804,-3.94701)	(-6.67524,-3.22886)	(-0.0191896,0.0527962)	(-19.5937,-24.1493)	(50.6245,50.4716)
1	5	(45.0436,119.051)	(-85.4448,-104.333)	(-5.24606,-8.12293)	(-19.6849,-18.276)	(0.0837126,-0.000963279)	(-22.5219,-59.5253)	(8.58595,128.189)
2	0	(1.87417,-2.20734)	(3.81112e-06,-3.16643e-06)	(-1.34668,0.77604)	(5.72859e-06,-1.9877e-07)	(-3.51335,-2.22757e-05)	(-0.937084,1.10367)	(1.94012,-2.13365)
2	1	(11.5559,-5.6283)	(-0.837018,0.985822)	(-4.63384,1.16547e-06)	(1.99745e-05,-1.11609e-05)	(-5.29657,-3.05315)	(-5.77796,2.81415)	(12.5624,-6.02229)
2	2	(46.2308,0)	(-10.0519,4.87416)	(-10.0519,-4.87416)	(-0.186942,0.220157)	(-6.58591,-7.75609)	(-23.1154,0)	(53.9343,0)
2	3	(125.023,52.108)	(-59.0953,4.18687e-06)	(-17.798,-16.568)	(-3.33024,1.62204)	(-9.22739,-14.9916)	(-62.5115,-26.054)	(150.502,60.5672)
2	4	(283.453,218.655)	(-211.227,-87.5203)	(-33.8122,-41.3683)	(-25.8475,0.000541893)	(-12.5969,-31.0569)	(-141.727,-109.328)	(362.725,250.886)
2	5	(670.425,666.755)	(-597.817,-455.542)	(-47.4682,-102.404)	(-116.328,-47.1568)	(-67.715,-36.284)	(-335.213,-333.378)	(954.327,769.331)
3	0	(2.69438,-4.33039)	(6.15442e-06,2.68926e-07)	(-2.51108,2.95746)	(1.89903e-05,-1.30697e-05)	(-15.8911,9.15727)	(-1.34719,2.1652)	(3.18947,-4.16446)
3	1	(20.4863,-19.209)	(-1.20261,1.93329)	(-15.0796,7.30951)	(0.000505277,1.96922e-06)	(-54.3153,-0.000546165)	(-10.2432,9.60449)	(23.4374,-20.0562)
3	2	(125.023,-52.108)	(-17.798,16.568)	(-59.0953,-4.18687e-06)	(-0.26192,0.425537)	(-117.323,-57.1441)	(-62.5115,26.054)	(150.502,-60.5672)
3	3	(621.156,0)	(-157.97,66.0907)	(-157.97,-66.0907)	(-5.90584,5.48265)	(-208.061,-193.153)	(-310.578,0)	(911.788,0)
3	4	(1720.85,634.345)	(-1005.16,0.000986474)	(-358.687,-273.291)	(-66.6473,31.4512)	(-309.255,-396.831)	(-860.425,-317.172)	(2317.17,803.934)
3	5	(4725.77,3060.78)	(-3469.79,-1351.58)	(-768.948,-753.056)	(-500.911,0.0220339)	(1024.12,-1193.17)	(-2362.88,-1530.39)	(6768.92,3889.4)
4	0	(4.89373,-8.83766)	(-0.000659427,-0.000667424)	(-4.81406,7.73668)	(6.31913e-05,-5.4944e-05)	(-39.5082,46.531)	(-2.44687,4.41883)	(6.40767,-8.76646)
4	1	(39.1874,-48.2987)	(-2.19804,3.94701)	(-35.5964,33.1361)	(-0.000544698,-0.00149863)	(-235.167,113.752)	(-19.5937,24.1493)	(50.6245,-50.4716)
4	2	(283.453,-218.655)	(-33.8122,41.3683)	(-211.227,87.5203)	(-0.357565,0.881551)	(-910.603,-0.0190908)	(-141.727,109.328)	(362.725,-250.886)
4	3	(1720.85,-634.345)	(-358.687,273.291)	(-1005.16,-0.000986474)	(-8.77823,11.2641)	(-2347.97,-1108.02)	(-860.425,317.172)	(2317.17,-803.934)
4	4	(32629.9,0)	(-2588.38,1268.73)	(-2588.38,-1268.73)	(-157.042,118.205)	(-5532.56,-4164.32)	(-16314.9,0)	(78999.9,0)
4	5	(24030.2,14157.1)	(-57093.6,0.0590545)	(-7741.21,-4890.96)	(-364.976,1723.53)	(21955.7,22232.1)	(-12015.1,-7078.54)	(38518.3,17602.9)
5	0	(10.9987,-18.9376)	(0.000165972,0.000195273)	(-10.9939,19.735)	(-0.00431069,0.00433646)	(-94.8472,152.326)	(-5.49937,9.46878)	(16.3749,-18.9087)
5	1	(45.0436,-119.051)	(-5.24606,8.12293)	(-85.4448,104.333)	(0.00237619,2.73427e-05)	(-693.493,643.859)	(-22.5219,59.5253)	(8.58595,-128.189)
5	2	(670.425,-666.755)	(-47.4682,102.404)	(-597.817,455.542)	(-1.9221,1.02992)	(-4098.23,1661.32)	(-335.213,333.378)	(954.327,-769.331)
5	3	(4725.77,-3060.78)	(-768.948,753.056)	(-3469.79,1351.58)	(29.0699,33.8681)	(-17647,-0.776248)	(-2362.88,1530.39)	(6768.92,-3889.4)
5	4	(24030.2,-14157.1)	(-7741.21,4890.96)	(-57093.6,-0.0590545)	(623.213,-631.059)	(-12858,-60719.6)	(-12015.1,7078.54)	(38518.3,-17602.9)
5	5	(8.59809e+06,0)	(51120,127072)	(51120,-127072)	(-4190,2115.8)	(-147613,-74539.3)	(-4.29904e+06,0)	(2.31966e+07,0)
