#No recentering correction has been made! Must use full expression for cumulants!
#i	j	<z^i zbar^j>_eps	<z^i zbar^j>_U	<z^i zbar^j>_Ubar	<z^i zbar^j>_C	<z^i zbar^j>_T	<z^i zbar^j>_s
0	0	(13652.3,0)	(-1.18417e-10,1.78841e-10)	(-1.18417e-10,-1.78841e-10)	(-6.51294e-10,3.91308e-10)	(-8.89168e-06,-5.34226e-06)	(-0.5,0)	(10617.2,0)
0	1	(-0.200568,0.205788)	(-1.10922,9.43479e-09)	(-5.30049e-09,-1.05323e-08)	(1.54632e-09,5.42309e-09)	(-1.02214e-05,5.27157e-05)	(0.100284,-0.102894)	(-0.172246,0.186832)
0	2	(1.10409,-0.60102)	(0.444949,-0.456529)	(-3.93137e-08,5.74012e-09)	(-0.615186,-1.24833e-08)	(0.000224768,-0.000397185)	(-0.552047,0.30051)	(1.07526,-0.717186)
0	3	(-0.407167,-8.39344)	(-3.67405,1.99999)	(2.93602e-07,-8.48532e-09)	(0.37016,-0.379794)	(-0.0022365,-0.000312668)	(0.203583,4.19672)	(-1.59968,-9.70659)
0	4	(-61.0304,25.9069)	(1.80655,37.2407)	(-2.89754e-06,1.42478e-06)	(-4.07534,2.21843)	(-0.00309026,8.09366e-05)	(30.5152,-12.9535)	(-71.6477,27.673)
0	5	(-217.267,213.267)	(338.481,-143.682)	(6.47786e-06,9.07262e-06)	(2.50482,51.6352)	(-0.142926,0.0347352)	(108.633,-106.634)	(-247.038,238.865)
1	0	(-0.200568,-0.205788)	(-5.30049e-09,1.05323e-08)	(-1.10922,-9.43479e-09)	(-7.48693e-10,-3.8613e-09)	(2.11108e-05,-7.40377e-05)	(0.100284,0.102894)	(-0.172246,-0.186832)
1	1	(23.8091,0)	(0.222475,0.228265)	(0.222475,-0.228265)	(3.72469e-09,1.66367e-08)	(5.08507e-05,-0.000227129)	(-11.9046,0)	(25.6097,0)
1	2	(-7.38825,8.05671)	(-51.4544,4.30658e-07)	(-1.22469,0.666663)	(0.123387,0.126598)	(-0.000691119,0.000639323)	(3.69413,-4.02835)	(-6.46703,7.10794)
1	3	(44.1519,-37.4683)	(23.7644,-25.9675)	(0.451637,9.31018)	(-42.4273,3.4905e-08)	(0.0522831,-0.0110286)	(-22.0759,18.7341)	(49.402,-50.5833)
1	4	(-108.739,-562.325)	(-186.856,161.321)	(67.6962,-28.7365)	(26.0564,-28.4921)	(-0.117616,-0.0218877)	(54.3695,281.162)	(-202.746,-654.28)
1	5	(-4317.15,1902.55)	(597.521,3004.16)	(240.997,-236.56)	(-254.902,221.401)	(-0.293401,-0.208914)	(2158.57,-951.276)	(-5263.66,2045.1)
2	0	(1.10409,0.60102)	(-3.93137e-08,-5.74012e-09)	(0.444949,0.456529)	(1.64637e-08,2.90928e-08)	(-8398.71,0.000170426)	(-0.552047,-0.30051)	(1.07526,0.717186)
2	1	(-7.38825,-8.05671)	(-1.22469,-0.666663)	(-51.4544,-4.30658e-07)	(-5.06229e-08,-4.68289e-08)	(1684.52,-1728.36)	(3.69413,4.02835)	(-6.46703,-7.10794)
2	2	(959.635,0)	(15.843,17.3116)	(15.843,-17.3116)	(-0.679222,-0.369738)	(-9272.96,5047.78)	(-479.818,0)	(1092.6,0)
2	3	(-335.315,357.933)	(-3005.1,2.22092e-05)	(-93.4279,80.6604)	(13.0282,14.2461)	(3419.63,70494.1)	(167.658,-178.967)	(-289.68,283.721)
2	4	(2381.02,-3121.75)	(1372.15,-1461.69)	(239.008,1201.67)	(-3264.02,1.78073e-05)	(512591,-217585)	(-1190.51,1560.87)	(3049.45,-4343.16)
2	5	(-13977.9,-42255.4)	(-12074.4,16331.2)	(9160.83,-4043.92)	(1849.39,-1968.57)	(1.82475e+06,-1.79117e+06)	(6988.93,21127.7)	(-22334.8,-49515.2)
3	0	(-0.407167,8.39344)	(2.93602e-07,8.48532e-09)	(-3.67405,-1.99999)	(-1.63818e-07,2.29022e-08)	(5053.54,5185.06)	(0.203583,-4.19672)	(-1.59968,9.70659)
3	1	(44.1519,37.4683)	(0.451637,-9.31018)	(23.7644,25.9675)	(3.82962e-06,8.07822e-07)	(-579230,-0.000476534)	(-22.0759,-18.7341)	(49.402,50.5833)
3	2	(-335.315,-357.933)	(-93.4279,-80.6604)	(-3005.1,-2.22092e-05)	(0.25048,-5.16352)	(177865,-194492)	(167.658,178.967)	(-289.68,-283.721)
3	3	(51572.5,0)	(1029.11,1096.27)	(1029.11,-1096.27)	(-76.4705,-66.4202)	(-1.044e+06,906790)	(-25786.3,0)	(61648.5,0)
3	4	(-16958,15827.4)	(-207098,0.00126444)	(-7244.65,9798.73)	(1109.64,1181.14)	(2.70614e+06,1.34745e+07)	(8479,-7913.69)	(-13787.6,8717.84)
3	5	(163374,-294334)	(81742.5,-74678.9)	(44315,129664)	(-277212,0.00176788)	(1.02473e+08,-4.52599e+07)	(-81686.8,147167)	(233354,-412419)
4	0	(-61.0304,-25.9069)	(-2.89754e-06,-1.42478e-06)	(1.80655,-37.2407)	(-2.26354e-07,-5.92842e-09)	(-55637.8,-30286.7)	(30.5152,12.9535)	(-71.6477,-27.673)
4	1	(-108.739,562.325)	(67.6962,28.7365)	(-186.856,-161.321)	(-8.61511e-06,1.60322e-06)	(355730,388983)	(54.3695,-281.162)	(-202.746,654.28)
4	2	(2381.02,3121.75)	(239.008,-1201.67)	(1372.15,1461.69)	(37.5461,15.9376)	(-4.45615e+07,-0.243111)	(-1190.51,-1560.87)	(3049.45,4343.16)
4	3	(-16958,-15827.4)	(-7244.65,-9798.73)	(-207098,-0.00126444)	(198.218,-986.978)	(1.51491e+07,-1.61253e+07)	(8479,7913.69)	(-13787.6,-8717.84)
4	4	(3.37561e+06,0)	(65394.1,59743.2)	(65394.1,-59743.2)	(-7787.08,-10652.1)	(-1.06312e+08,1.45426e+08)	(-1.68781e+06,0)	(4.22362e+06,0)
4	5	(-872900,504535)	(-1.62615e+07,0.0789341)	(-638494,1.18777e+06)	(86185,78062.8)	(6.6e+08,1.90865e+09)	(436450,-252268)	(-588351,-256260)
5	0	(-217.267,-213.267)	(6.47786e-06,-9.07262e-06)	(338.481,143.682)	(-1.0469e-05,-2.54427e-06)	(34196.7,-704941)	(108.633,106.634)	(-247.038,-238.865)
5	1	(-4317.15,-1902.55)	(240.997,236.56)	(597.521,-3004.16)	(-2.1491e-05,1.53025e-05)	(-3.48e+06,-3.02264e+06)	(2158.57,951.276)	(-5263.66,-2045.1)
5	2	(-13977.9,42255.4)	(9160.83,4043.92)	(-12074.4,-16331.2)	(133.659,131.199)	(2.52485e+07,2.68755e+07)	(6988.93,-21127.7)	(-22334.8,49515.2)
5	3	(163374,294334)	(44315,-129664)	(81742.5,74678.9)	(7505.93,3315.18)	(-3.78459e+09,-24.1357)	(-81686.8,-147167)	(233354,412419)
5	4	(-872900,-504535)	(-638494,-1.18777e+06)	(-1.62615e+07,-0.0789341)	(48343.4,-139804)	(1.17662e+09,-1.06574e+09)	(436450,252268)	(-588351,256260)
5	5	(2.56537e+08,0)	(3.88528e+06,1.93239e+06)	(3.88528e+06,-1.93239e+06)	(-846002,-1.59282e+06)	(-1.15499e+10,2.17457e+10)	(-1.28268e+08,0)	(3.36102e+08,0)
