7.95523 3.16432 2.0236 1.68513 1.68513 1.68513 1.68513 1.68513 1.68513 1.68513 1.68513 1.68513 1.68513 1.68513 1.68513 1.68513 1.68513 1.68513 1.68513 1.68513 1.68513 1.68513 1.68513 1.68513 1.68513 1.68513 1.68513 1.68513 1.68513 1.68513 1.68513 1.68513 1.68513 1.68513 1.68513 1.68513 1.68513 1.68513 1.68513 1.68513 1.68513 1.68513 1.68513 1.68513 1.68513 1.68513 1.68513 1.68513 1.68513 1.68513 1.68513 1.68513 1.68513 1.68513 1.68513 1.68513 1.68513 1.68513 1.68513 1.68513 1.68513 1.68513 1.68513 1.68513 1.68513 1.68513 1.68513 1.68513 1.68513 1.68513 1.68513 1.68513 1.68513 1.68513 1.68513 1.68513 1.68513 1.68513 1.68513 1.68513 1.68513 1.68513 1.68513 1.68513 1.68513 1.68513 1.68513 1.68513 1.68513 1.68513 1.68513 1.68513 1.68513 1.68513 1.68513 1.68513 1.68513 1.68513 1.68513 1.68513 1.68513 1.68513 1.68513 1.68513 1.68513 1.68513 1.68513 1.68513 1.68513 1.68513 1.68513 1.68513 1.68513 1.68513 1.68513 1.68513 1.68513 1.68513 1.68513 1.68513 1.68513 1.68513 1.68513 1.68513 1.68513 1.68513 1.68513 1.68513 1.68513 1.68513 1.68513 1.68513 1.68513 1.68513 1.68513 1.68513 1.68513 1.68513 1.68513 1.68513 1.68513 2.02362 3.16416 
3.16416 2.03797 1.55077 1.20513 1.20513 1.20513 1.20513 1.20513 1.20513 1.20513 1.20513 1.20513 1.20513 1.20513 1.20513 1.20513 1.20513 1.20513 1.20513 1.20513 1.20513 1.20513 1.20513 1.20513 1.20513 1.20513 1.20513 1.20513 1.20513 1.20513 1.20513 1.20513 1.20513 1.20513 1.20513 1.20513 1.20513 1.20513 1.20513 1.20513 1.20513 1.20513 1.20513 1.20513 1.20513 1.20513 1.20513 1.20513 1.20513 1.20513 1.20513 1.20513 1.20513 1.20513 1.20513 1.20513 1.20513 1.20513 1.20513 1.20513 1.20513 1.20513 1.20513 1.20513 1.20513 1.20513 1.20513 1.20513 1.20513 1.20513 1.20513 1.20513 1.20513 1.20513 1.20513 1.20513 1.20513 1.20513 1.20513 1.20513 1.20513 1.20513 1.20513 1.20513 1.20513 1.20513 1.20513 1.20513 1.20513 1.20513 1.20513 1.20513 1.20513 1.20513 1.20513 1.20513 1.20513 1.20513 1.20513 1.20513 1.20513 1.20513 1.20513 1.20513 1.20513 1.20513 1.20513 1.20513 1.20513 1.20513 1.20513 1.20513 1.20513 1.20513 1.20513 1.20513 1.20513 1.20513 1.20513 1.20513 1.20513 1.20513 1.20513 1.20513 1.20513 1.20513 1.20513 1.20513 1.20513 1.20513 1.20513 1.20513 1.20513 1.20513 1.20513 1.20513 1.20513 1.20513 1.20513 1.20513 1.20513 1.55077 2.03797 
2.02361 1.55077 1.29949 1.04771 1.04771 1.04771 1.04771 1.04771 1.04771 1.04771 1.04771 1.04771 1.04771 1.04771 1.04771 1.04771 1.04771 1.04771 1.04771 1.04771 1.04771 1.04771 1.04771 1.04771 1.04771 1.04771 1.04771 1.04771 1.04771 1.04771 1.04771 1.04771 1.04771 1.04771 1.04771 1.04771 1.04771 1.04771 1.04771 1.04771 1.04771 1.04771 1.04771 1.04771 1.04771 1.04771 1.04771 1.04771 1.04771 1.04771 1.04771 1.04771 1.04771 1.04771 1.04771 1.04771 1.04771 1.04771 1.04771 1.04771 1.04771 1.04771 1.04771 1.04771 1.04771 1.04771 1.04771 1.04771 1.04771 1.04771 1.04771 1.04771 1.04771 1.04771 1.04771 1.04771 1.04771 1.04771 1.04771 1.04771 1.04771 1.04771 1.04771 1.04771 1.04771 1.04771 1.04771 1.04771 1.04771 1.04771 1.04771 1.04771 1.04771 1.04771 1.04771 1.04771 1.04771 1.04771 1.04771 1.04771 1.04771 1.04771 1.04771 1.04771 1.04771 1.04771 1.04771 1.04771 1.04771 1.04771 1.04771 1.04771 1.04771 1.04771 1.04771 1.04771 1.04771 1.04771 1.04771 1.04771 1.04771 1.04771 1.04771 1.04771 1.04771 1.04771 1.04771 1.04771 1.04771 1.04771 1.04771 1.04771 1.04771 1.04771 1.04771 1.04771 1.04771 1.04771 1.04771 1.04771 1.04771 1.29949 1.55077 
1.68514 1.20513 1.04771 1 1 1 1 1 1 1 1 1 1 1 1 1 1 1 1 1 1 1 1 1 1 1 1 1 1 1 1 1 1 1 1 1 1 1 1 1 1 1 1 1 1 1 1 1 1 1 1 1 1 1 1 1 1 1 1 1 1 1 1 1 1 1 1 1 1 1 1 1 1 1 1 1 1 1 1 1 1 1 1 1 1 1 1 1 1 1 1 1 1 1 1 1 1 1 1 1 1 1 1 1 1 1 1 1 1 1 1 1 1 1 1 1 1 1 1 1 1 1 1 1 1 1 1 1 1 1 1 1 1 1 1 1 1 1 1 1 1 1.04771 1.20513 
1.68514 1.20513 1.04771 1 1 1 1 1 1 1 1 1 1 1 1 1 1 1 1 1 1 1 1 1 1 1 1 1 1 1 1 1 1 1 1 1 1 1 1 1 1 1 1 1 1 1 1 1 1 1 1 1 1 1 1 1 1 1 1 1 1 1 1 1 1 1 1 1 1 1 1 1 1 1 1 1 1 1 1 1 1 1 1 1 1 1 1 1 1 1 1 1 1 1 1 1 1 1 1 1 1 1 1 1 1 1 1 1 1 1 1 1 1 1 1 1 1 1 1 1 1 1 1 1 1 1 1 1 1 1 1 1 1 1 1 1 1 1 1 1 1 1.04771 1.20513 
1.68514 1.20513 1.04771 1 1 1 1 1 1 1 1 1 1 1 1 1 1 1 1 1 1 1 1 1 1 1 1 1 1 1 1 1 1 1 1 1 1 1 1 1 1 1 1 1 1 1 1 1 1 1 1 1 1 1 1 1 1 1 1 1 1 1 1 1 1 1 1 1 1 1 1 1 1 1 1 1 1 1 1 1 1 1 1 1 1 1 1 1 1 1 1 1 1 1 1 1 1 1 1 1 1 1 1 1 1 1 1 1 1 1 1 1 1 1 1 1 1 1 1 1 1 1 1 1 1 1 1 1 1 1 1 1 1 1 1 1 1 1 1 1 1 1.04771 1.20513 
1.68514 1.20513 1.04771 1 1 1 1 1 1 1 1 1 1 1 1 1 1 1 1 1 1 1 1 1 1 1 1 1 1 1 1 1 1 1 1 1 1 1 1 1 1 1 1 1 1 1 1 1 1 1 1 1 1 1 1 1 1 1 1 1 1 1 1 1 1 1 1 1 1 1 1 1 1 1 1 1 1 1 1 1 1 1 1 1 1 1 1 1 1 1 1 1 1 1 1 1 1 1 1 1 1 1 1 1 1 1 1 1 1 1 1 1 1 1 1 1 1 1 1 1 1 1 1 1 1 1 1 1 1 1 1 1 1 1 1 1 1 1 1 1 1 1.04771 1.20513 
1.68514 1.20513 1.04771 1 1 1 1 1 1 1 1 1 1 1 1 1 1 1 1 1 1 1 1 1 1 1 1 1 1 1 1 1 1 1 1 1 1 1 1 1 1 1 1 1 1 1 1 1 1 1 1 1 1 1 1 1 1 1 1 1 1 1 1 1 1 1 1 1 1 1 1 1 1 1 1 1 1 1 1 1 1 1 1 1 1 1 1 1 1 1 1 1 1 1 1 1 1 1 1 1 1 1 1 1 1 1 1 1 1 1 1 1 1 1 1 1 1 1 1 1 1 1 1 1 1 1 1 1 1 1 1 1 1 1 1 1 1 1 1 1 1 1.04771 1.20513 
1.68514 1.20513 1.04771 1 1 1 1 1 1 1 1 1 1 1 1 1 1 1 1 1 1 1 1 1 1 1 1 1 1 1 1 1 1 1 1 1 1 1 1 1 1 1 1 1 1 1 1 1 1 1 1 1 1 1 1 1 1 1 1 1 1 1 1 1 1 1 1 1 1 1 1 1 1 1 1 1 1 1 1 1 1 1 1 1 1 1 1 1 1 1 1 1 1 1 1 1 1 1 1 1 1 1 1 1 1 1 1 1 1 1 1 1 1 1 1 1 1 1 1 1 1 1 1 1 1 1 1 1 1 1 1 1 1 1 1 1 1 1 1 1 1 1.04771 1.20513 
1.68514 1.20513 1.04771 1 1 1 1 1 1 1 1 1 1 1 1 1 1 1 1 1 1 1 1 1 1 1 1 1 1 1 1 1 1 1 1 1 1 1 1 1 1 1 1 1 1 1 1 1 1 1 1 1 1 1 1 1 1 1 1 1 1 1 1 1 1 1 1 1 1 1 1 1 1 1 1 1 1 1 1 1 1 1 1 1 1 1 1 1 1 1 1 1 1 1 1 1 1 1 1 1 1 1 1 1 1 1 1 1 1 1 1 1 1 1 1 1 1 1 1 1 1 1 1 1 1 1 1 1 1 1 1 1 1 1 1 1 1 1 1 1 1 1.04771 1.20513 
1.68514 1.20513 1.04771 1 1 1 1 1 1 1 1 1 1 1 1 1 1 1 1 1 1 1 1 1 1 1 1 1 1 1 1 1 1 1 1 1 1 1 1 1 1 1 1 1 1 1 1 1 1 1 1 1 1 1 1 1 1 1 1 1 1 1 1 1 1 1 1 1 1 1 1 1 1 1 1 1 1 1 1 1 1 1 1 1 1 1 1 1 1 1 1 1 1 1 1 1 1 1 1 1 1 1 1 1 1 1 1 1 1 1 1 1 1 1 1 1 1 1 1 1 1 1 1 1 1 1 1 1 1 1 1 1 1 1 1 1 1 1 1 1 1 1.04771 1.20513 
1.68514 1.20513 1.04771 1 1 1 1 1 1 1 1 1 1 1 1 1 1 1 1 1 1 1 1 1 1 1 1 1 1 1 1 1 1 1 1 1 1 1 1 1 1 1 1 1 1 1 1 1 1 1 1 1 1 1 1 1 1 1 1 1 1 1 1 1 1 1 1 1 1 1 1 1 1 1 1 1 1 1 1 1 1 1 1 1 1 1 1 1 1 1 1 1 1 1 1 1 1 1 1 1 1 1 1 1 1 1 1 1 1 1 1 1 1 1 1 1 1 1 1 1 1 1 1 1 1 1 1 1 1 1 1 1 1 1 1 1 1 1 1 1 1 1.04771 1.20513 
1.68514 1.20513 1.04771 1 1 1 1 1 1 1 1 1 1 1 1 1 1 1 1 1 1 1 1 1 1 1 1 1 1 1 1 1 1 1 1 1 1 1 1 1 1 1 1 1 1 1 1 1 1 1 1 1 1 1 1 1 1 1 1 1 1 1 1 1 1 1 1 1 1 1 1 1 1 1 1 1 1 1 1 1 1 1 1 1 1 1 1 1 1 1 1 1 1 1 1 1 1 1 1 1 1 1 1 1 1 1 1 1 1 1 1 1 1 1 1 1 1 1 1 1 1 1 1 1 1 1 1 1 1 1 1 1 1 1 1 1 1 1 1 1 1 1.04771 1.20513 
1.68514 1.20513 1.04771 1 1 1 1 1 1 1 1 1 1 1 1 1 1 1 1 1 1 1 1 1 1 1 1 1 1 1 1 1 1 1 1 1 1 1 1 1 1 1 1 1 1 1 1 1 1 1 1 1 1 1 1 1 1 1 1 1 1 1 1 1 1 1 1 1 1 1 1 1 1 1 1 1 1 1 1 1 1 1 1 1 1 1 1 1 1 1 1 1 1 1 1 1 1 1 1 1 1 1 1 1 1 1 1 1 1 1 1 1 1 1 1 1 1 1 1 1 1 1 1 1 1 1 1 1 1 1 1 1 1 1 1 1 1 1 1 1 1 1.04771 1.20513 
1.68514 1.20513 1.04771 1 1 1 1 1 1 1 1 1 1 1 1 1 1 1 1 1 1 1 1 1 1 1 1 1 1 1 1 1 1 1 1 1 1 1 1 1 1 1 1 1 1 1 1 1 1 1 1 1 1 1 1 1 1 1 1 1 1 1 1 1 1 1 1 1 1 1 1 1 1 1 1 1 1 1 1 1 1 1 1 1 1 1 1 1 1 1 1 1 1 1 1 1 1 1 1 1 1 1 1 1 1 1 1 1 1 1 1 1 1 1 1 1 1 1 1 1 1 1 1 1 1 1 1 1 1 1 1 1 1 1 1 1 1 1 1 1 1 1.04771 1.20513 
1.68514 1.20513 1.04771 1 1 1 1 1 1 1 1 1 1 1 1 1 1 1 1 1 1 1 1 1 1 1 1 1 1 1 1 1 1 1 1 1 1 1 1 1 1 1 1 1 1 1 1 1 1 1 1 1 1 1 1 1 1 1 1 1 1 1 1 1 1 1 1 1 1 1 1 1 1 1 1 1 1 1 1 1 1 1 1 1 1 1 1 1 1 1 1 1 1 1 1 1 1 1 1 1 1 1 1 1 1 1 1 1 1 1 1 1 1 1 1 1 1 1 1 1 1 1 1 1 1 1 1 1 1 1 1 1 1 1 1 1 1 1 1 1 1 1.04771 1.20513 
1.68514 1.20513 1.04771 1 1 1 1 1 1 1 1 1 1 1 1 1 1 1 1 1 1 1 1 1 1 1 1 1 1 1 1 1 1 1 1 1 1 1 1 1 1 1 1 1 1 1 1 1 1 1 1 1 1 1 1 1 1 1 1 1 1 1 1 1 1 1 1 1 1 1 1 1 1 1 1 1 1 1 1 1 1 1 1 1 1 1 1 1 1 1 1 1 1 1 1 1 1 1 1 1 1 1 1 1 1 1 1 1 1 1 1 1 1 1 1 1 1 1 1 1 1 1 1 1 1 1 1 1 1 1 1 1 1 1 1 1 1 1 1 1 1 1.04771 1.20513 
1.68514 1.20513 1.04771 1 1 1 1 1 1 1 1 1 1 1 1 1 1 1 1 1 1 1 1 1 1 1 1 1 1 1 1 1 1 1 1 1 1 1 1 1 1 1 1 1 1 1 1 1 1 1 1 1 1 1 1 1 1 1 1 1 1 1 1 1 1 1 1 1 1 1 1 1 1 1 1 1 1 1 1 1 1 1 1 1 1 1 1 1 1 1 1 1 1 1 1 1 1 1 1 1 1 1 1 1 1 1 1 1 1 1 1 1 1 1 1 1 1 1 1 1 1 1 1 1 1 1 1 1 1 1 1 1 1 1 1 1 1 1 1 1 1 1.04771 1.20513 
1.68514 1.20513 1.04771 1 1 1 1 1 1 1 1 1 1 1 1 1 1 1 1 1 1 1 1 1 1 1 1 1 1 1 1 1 1 1 1 1 1 1 1 1 1 1 1 1 1 1 1 1 1 1 1 1 1 1 1 1 1 1 1 1 1 1 1 1 1 1 1 1 1 1 1 1 1 1 1 1 1 1 1 1 1 1 1 1 1 1 1 1 1 1 1 1 1 1 1 1 1 1 1 1 1 1 1 1 1 1 1 1 1 1 1 1 1 1 1 1 1 1 1 1 1 1 1 1 1 1 1 1 1 1 1 1 1 1 1 1 1 1 1 1 1 1.04771 1.20513 
1.68514 1.20513 1.04771 1 1 1 1 1 1 1 1 1 1 1 1 1 1 1 1 1 1 1 1 1 1 1 1 1 1 1 1 1 1 1 1 1 1 1 1 1 1 1 1 1 1 1 1 1 1 1 1 1 1 1 1 1 1 1 1 1 1 1 1 1 1.00001 1 1 1.00002 1.00001 1.00001 1 1 1.00001 1 1 1 1 1 1 1 1 1 1 1 1 1 1 1 1 1 1 1 1 1 1 1 1 1 1 1 1 1 1 1 1 1 1 1 1 1 1 1 1 1 1 1 1 1 1 1 1 1 1 1 1 1 1 1 1 1 1 1 1 1 1 1 1 1 1 1 1 1.04771 1.20513 
1.68514 1.20513 1.04771 1 1 1 1 1 1 1 1 1 1 1 1 1 1 1 1 1 1 1 1 1 1 1 1 1 1 1 1 1 1 1 1 1 1 1 1 1 1 1 1 1 1 1 1 1 1 1 1 1 1 1 1 1 1 1 1 1 1 1.00001 1.00003 1.00005 1.00008 1.00002 1.00007 1.00024 1.00021 1.00022 1.00006 1.00002 1.00007 1.00004 1.00003 1.00001 1 1 1 1 1 1 1 1 1 1 1 1 1 1 1 1 1 1 1 1 1 1 1 1 1 1 1 1 1 1 1 1 1 1 1 1 1 1 1 1 1 1 1 1 1 1 1 1 1 1 1 1 1 1 1 1 1 1 1 1 1 1 1 1 1 1.04771 1.20513 
1.68514 1.20513 1.04771 1 1 1 1 1 1 1 1 1 1 1 1 1 1 1 1 1 1 1 1 1 1 1 1 1 1 1 1 1 1 1 1 1 1 1 1 1 1 1 1 1 1 1 1 1 1 1 1 1 1 1 1 1 1 1 1.00001 1.00005 1.00001 1.00012 1.00052 1.00078 1.00145 1.00028 1.00076 1.00231 1.00212 1.00221 1.00071 1.00025 1.00128 1.00069 1.00047 1.00011 1.00001 1.00003 1 1 1 1 1 1 1 1 1 1 1 1 1 1 1 1 1 1 1 1 1 1 1 1 1 1 1 1 1 1 1 1 1 1 1 1 1 1 1 1 1 1 1 1 1 1 1 1 1 1 1 1 1 1 1 1 1 1 1 1 1 1 1 1.04771 1.20513 
1.68514 1.20513 1.04771 1 1 1 1 1 1 1 1 1 1 1 1 1 1 1 1 1 1 1 1 1 1 1 1 1 1 1 1 1 1 1 1 1 1 1 1 1 1 1 1 1 1 1 1 1 1 1 1 1 1 1 1 1 1.00002 1.00001 1.00012 1.00081 1.00015 1.00131 1.00442 1.006 1.0094 1.00453 1.00041 1.00022 1 1.00024 1.00035 1.00408 1.00862 1.00546 1.00406 1.00124 1.00016 1.00046 1.00001 1.00002 1 1 1 1 1 1 1 1 1 1 1 1 1 1 1 1 1 1 1 1 1 1 1 1 1 1 1 1 1 1 1 1 1 1 1 1 1 1 1 1 1 1 1 1 1 1 1 1 1 1 1 1 1 1 1 1 1 1 1 1 1 1.04771 1.20513 
1.68514 1.20513 1.04771 1 1 1 1 1 1 1 1 1 1 1 1 1 1 1 1 1 1 1 1 1 1 1 1 1 1 1 1 1 1 1 1 1 1 1 1 1 1 1 1 1 1 1 1 1 1 1 1 1 1 1 1.00002 1.00001 1.00029 1.00012 1.00133 1.00618 1.00327 1.00048 1.00059 1.00055 1.00028 1.03909 1.12996 1.17289 1.16525 1.16974 1.12589 1.03704 1.00038 1.00051 1.00049 1.00037 1.00314 1.00398 1.00017 1.00032 1.00002 1.00004 1 1 1 1 1 1 1 1 1 1 1 1 1 1 1 1 1 1 1 1 1 1 1 1 1 1 1 1 1 1 1 1 1 1 1 1 1 1 1 1 1 1 1 1 1 1 1 1 1 1 1 1 1 1 1 1 1 1 1 1.04771 1.20513 
1.68514 1.20513 1.04771 1 1 1 1 1 1 1 1 1 1 1 1 1 1 1 1 1 1 1 1 1 1 1 1 1 1 1 1 1 1 1 1 1 1 1 1 1 1 1 1 1 1 1 1 1 1 1 1 1 1 1.00001 1.00023 1.00007 1.00278 1.00211 1.00079 1.00011 1.04844 1.15467 1.22554 1.24903 1.29158 1.30914 1.31277 1.29664 1.27619 1.29509 1.30879 1.30269 1.28026 1.23621 1.21229 1.14366 1.04489 1.00008 1.0031 1.00292 1.00023 1.00059 1.00002 1.00002 1 1 1 1 1 1 1 1 1 1 1 1 1 1 1 1 1 1 1 1 1 1 1 1 1 1 1 1 1 1 1 1 1 1 1 1 1 1 1 1 1 1 1 1 1 1 1 1 1 1 1 1 1 1 1 1 1 1.04771 1.20513 
1.68514 1.20513 1.04771 1 1 1 1 1 1 1 1 1 1 1 1 1 1 1 1 1 1 1 1 1 1 1 1 1 1 1 1 1 1 1 1 1 1 1 1 1 1 1 1 1 1 1 1 1 1 1 1 1.00001 1.00004 1.00007 1.00219 1.00251 1.00014 1.04906 1.15244 1.25281 1.30818 1.33775 1.32615 1.31081 1.27847 1.27569 1.29423 1.29555 1.23787 1.295 1.29185 1.27219 1.27188 1.29828 1.30929 1.30767 1.2928 1.21473 1.06713 1.0005 1.00453 1.00476 1.00024 1.00032 1.00002 1.00002 1 1 1 1 1 1 1 1 1 1 1 1 1 1 1 1 1 1 1 1 1 1 1 1 1 1 1 1 1 1 1 1 1 1 1 1 1 1 1 1 1 1 1 1 1 1 1 1 1 1 1 1 1 1 1 1.04771 1.20513 
1.68514 1.20513 1.04771 1 1 1 1 1 1 1 1 1 1 1 1 1 1 1 1 1 1 1 1 1 1 1 1 1 1 1 1 1 1 1 1 1 1 1 1 1 1 1 1 1 1 1 1 1 1 1 1.00001 1.00011 1.00043 1.00063 1.00022 1.04917 1.19098 1.2945 1.3362 1.30013 1.27524 1.30002 1.30135 1.25693 1.24251 1.20962 1.20482 1.18122 1.16834 1.18167 1.20566 1.21123 1.24466 1.26095 1.30613 1.29753 1.30101 1.31027 1.30396 1.2111 1.06559 1.00078 1.00287 1.00293 1.00021 1.00019 1.00002 1.00007 1.00001 1 1 1 1 1 1 1 1 1 1 1 1 1 1 1 1 1 1 1 1 1 1 1 1 1 1 1 1 1 1 1 1 1 1 1 1 1 1 1 1 1 1 1 1 1 1 1 1 1 1 1 1 1.04771 1.20513 
1.68514 1.20513 1.04771 1 1 1 1 1 1 1 1 1 1 1 1 1 1 1 1 1 1 1 1 1 1 1 1 1 1 1 1 1 1 1 1 1 1 1 1 1 1 1 1 1 1 1 1 1 1 1.00001 1.00021 1.00109 1.00085 1.0422 1.18323 1.291 1.3174 1.30241 1.30102 1.27752 1.20392 1.20216 1.17276 1.15678 1.15463 1.1456 1.13223 1.12609 1.12639 1.12572 1.13109 1.14339 1.15142 1.15074 1.16279 1.18756 1.2385 1.29472 1.3352 1.34096 1.32616 1.2308 1.07522 1.00092 1.0012 1.00059 1.00036 1.00075 1.00013 1.00001 1.00001 1 1 1 1 1 1 1 1 1 1 1 1 1 1 1 1 1 1 1 1 1 1 1 1 1 1 1 1 1 1 1 1 1 1 1 1 1 1 1 1 1 1 1 1 1 1 1 1 1 1 1.04771 1.20513 
1.68514 1.20513 1.04771 1 1 1 1 1 1 1 1 1 1 1 1 1 1 1 1 1 1 1 1 1 1 1 1 1 1 1 1 1 1 1 1 1 1 1 1 1 1 1 1 1 1 1 1 1 1.00005 1.00042 1.00376 1.00313 1.09861 1.25798 1.31045 1.30538 1.27171 1.23593 1.19917 1.1735 1.15028 1.1326 1.13319 1.14322 1.14635 1.14655 1.14761 1.14861 1.14948 1.15109 1.15298 1.15509 1.15778 1.16092 1.16335 1.16375 1.16349 1.16694 1.20856 1.25675 1.32816 1.30451 1.28024 1.16156 1.01791 1.02219 1.00592 1.00316 1.00249 1.00009 1.00018 1.00001 1 1 1 1 1 1 1 1 1 1 1 1 1 1 1 1 1 1 1 1 1 1 1 1 1 1 1 1 1 1 1 1 1 1 1 1 1 1 1 1 1 1 1 1 1 1 1 1 1 1.04771 1.20513 
1.68514 1.20513 1.04771 1 1 1 1 1 1 1 1 1 1 1 1 1 1 1 1 1 1 1 1 1 1 1 1 1 1 1 1 1 1 1 1 1 1 1 1 1 1 1 1 1 1 1 1 1.00004 1.0006 1.00286 1.0045 1.11916 1.29395 1.34461 1.30379 1.23135 1.20104 1.16375 1.13381 1.13448 1.14075 1.14502 1.14755 1.1465 1.14501 1.1442 1.14455 1.14595 1.14848 1.1511 1.15377 1.15705 1.16093 1.16596 1.17626 1.1898 1.19777 1.20585 1.23006 1.24665 1.2381 1.36098 1.42835 1.21704 1.11995 1.066 1.03569 1.04713 1.01649 1.0012 1.0012 1.00012 1.00001 1.00004 1.00004 1 1 1 1 1 1 1 1 1 1 1 1 1 1 1 1 1 1 1 1 1 1 1 1 1 1 1 1 1 1 1 1 1 1 1 1 1 1 1 1 1 1 1 1 1 1 1.04771 1.20513 
1.68514 1.20513 1.04771 1 1 1 1 1 1 1 1 1 1 1 1 1 1 1 1 1 1 1 1 1 1 1 1 1 1 1 1 1 1 1 1 1 1 1 1 1 1 1 1 1 1 1 1.00001 1.00051 1.00431 1.00554 1.13112 1.31591 1.32408 1.25594 1.22356 1.16334 1.13643 1.13548 1.14566 1.14856 1.14661 1.14061 1.13777 1.13837 1.13763 1.13392 1.13465 1.13556 1.13698 1.13946 1.14298 1.14708 1.15178 1.1564 1.17033 1.17933 1.18385 1.19652 1.22337 1.23728 1.27269 1.34382 1.34083 1.39084 1.48383 1.52544 1.2657 1.01805 1.015 1.01681 1.01824 1.00168 1.00012 1.00045 1.00073 1.00002 1 1 1 1 1 1 1 1 1 1 1 1 1 1 1 1 1 1 1 1 1 1 1 1 1 1 1 1 1 1 1 1 1 1 1 1 1 1 1 1 1 1 1 1 1 1.04771 1.20513 
1.68514 1.20513 1.04771 1 1 1 1 1 1 1 1 1 1 1 1 1 1 1 1 1 1 1 1 1 1 1 1 1 1 1 1 1 1 1 1 1 1 1 1 1 1 1 1 1 1.00006 1.00005 1.00008 1.00345 1.0048 1.12117 1.32494 1.34802 1.26619 1.2158 1.15049 1.14073 1.1497 1.15002 1.14588 1.14023 1.13791 1.13334 1.12384 1.12158 1.11608 1.1137 1.11345 1.11377 1.11484 1.11639 1.11834 1.12134 1.12429 1.12784 1.13578 1.15045 1.15902 1.18932 1.20766 1.2141 1.24839 1.29785 1.33025 1.33409 1.47117 1.57917 1.54828 1.53419 1.41327 1.20478 1.01656 1.01133 1.00355 1.00363 1.00564 1.00024 1.00006 1.00006 1.00007 1.00004 1.00001 1 1 1 1 1 1 1 1 1 1 1 1 1 1 1 1 1 1 1 1 1 1 1 1 1 1 1 1 1 1 1 1 1 1 1 1 1 1 1 1 1.04771 1.20513 
1.68514 1.20513 1.04771 1 1 1 1 1 1 1 1 1 1 1 1 1 1 1 1 1 1 1 1 1 1 1 1 1 1 1 1 1 1 1 1 1 1 1 1 1 1 1.00001 1.00002 1.00003 1.00062 1.00055 1.00048 1.00459 1.13265 1.35762 1.34891 1.26376 1.22541 1.14536 1.14407 1.15266 1.14954 1.14397 1.13745 1.12916 1.12159 1.11521 1.10988 1.10556 1.10281 1.10187 1.10112 1.10086 1.10117 1.10192 1.10345 1.10587 1.10858 1.1115 1.11514 1.12066 1.12892 1.14025 1.15516 1.17019 1.19427 1.22392 1.23971 1.28192 1.36551 1.39671 1.38741 1.43693 1.64205 1.61213 1.45978 1.19338 1.04859 1.04918 1.00058 1.00124 1.00065 1.00073 1.00079 1.00047 1.00015 1.00001 1.00007 1.00001 1 1 1 1 1 1 1 1 1 1 1 1 1 1 1 1 1 1 1 1 1 1 1 1 1 1 1 1 1 1 1 1 1 1 1 1 1 1.04771 1.20513 
1.68514 1.20513 1.04771 1 1 1 1 1 1 1 1 1 1 1 1 1 1 1 1 1 1 1 1 1 1 1 1 1 1 1 1 1 1 1 1 1 1 1 1 1 1 1.00011 1.00021 1 1.00064 1.0043 1.00546 1.10977 1.34529 1.3618 1.31403 1.24015 1.15951 1.15765 1.16113 1.15526 1.14612 1.13272 1.12362 1.11424 1.10674 1.1025 1.09964 1.09723 1.09543 1.09402 1.09329 1.09308 1.09324 1.0939 1.09536 1.0972 1.09968 1.10238 1.10537 1.10885 1.11286 1.11702 1.12373 1.13594 1.14942 1.16227 1.18402 1.19621 1.21962 1.25923 1.25552 1.34409 1.44505 1.44538 1.55693 1.62185 1.29143 1.12006 1.15982 1.04089 1.00234 1.00149 1.00451 1.01384 1.00295 1.00017 1.00074 1.00015 1.00001 1.00003 1 1 1 1 1 1 1 1 1 1 1 1 1 1 1 1 1 1 1 1 1 1 1 1 1 1 1 1 1 1 1 1 1 1 1 1.04771 1.20513 
1.68514 1.20513 1.04771 1 1 1 1 1 1 1 1 1 1 1 1 1 1 1 1 1 1 1 1 1 1 1 1 1 1 1 1 1 1 1 1 1 1 1 1 1 1 1.00119 1.00079 1.01262 1.03898 1.07292 1.17774 1.42608 1.41589 1.32094 1.26502 1.18907 1.16674 1.16374 1.15462 1.14145 1.13168 1.11778 1.10907 1.10325 1.09932 1.0956 1.09245 1.08984 1.08784 1.08645 1.08556 1.08528 1.08555 1.0863 1.0875 1.08924 1.09156 1.09427 1.09722 1.10067 1.10425 1.10817 1.11216 1.11634 1.12182 1.1303 1.13966 1.14684 1.15858 1.1747 1.19045 1.23085 1.25647 1.30075 1.39609 1.55263 1.52848 1.47667 1.09019 1.07344 1.04035 1.04707 1.04832 1.03562 1.01651 1.002 1.00421 1.00294 1.00015 1.00032 1.00001 1.00002 1 1 1 1 1 1 1 1 1 1 1 1 1 1 1 1 1 1 1 1 1 1 1 1 1 1 1 1 1 1 1 1 1 1.04771 1.20513 
1.68514 1.20513 1.04771 1 1 1 1 1 1 1 1 1 1 1 1 1 1 1 1 1 1 1 1 1 1 1 1 1 1 1 1 1 1 1 1 1 1 1 1.00001 1.00005 1.00016 1.00002 1.02972 1.02632 1.09743 1.38076 1.51616 1.47524 1.36349 1.26207 1.19208 1.17852 1.17037 1.15285 1.14206 1.13081 1.11424 1.10643 1.10099 1.09614 1.09198 1.08825 1.08516 1.08261 1.08064 1.07927 1.07836 1.07796 1.07812 1.07888 1.08012 1.08179 1.08395 1.08647 1.08931 1.09241 1.09572 1.09925 1.10289 1.10671 1.11058 1.1142 1.11929 1.12577 1.13339 1.13917 1.14998 1.15866 1.17221 1.2039 1.27021 1.32391 1.42128 1.52102 1.65107 1.39955 1.14437 1.01114 1.00118 1.01186 1.00816 1.03138 1.04653 1.01839 1.00222 1.00079 1.00009 1.00026 1.00001 1 1 1 1 1 1 1 1 1 1 1 1 1 1 1 1 1 1 1 1 1 1 1 1 1 1 1 1 1 1 1 1 1.04771 1.20513 
1.68514 1.20513 1.04771 1 1 1 1 1 1 1 1 1 1 1 1 1 1 1 1 1 1 1 1 1 1 1 1 1 1 1 1 1 1 1 1 1 1 1.00002 1.00012 1.00069 1.00826 1.0726 1.0581 1.27883 1.56368 1.53328 1.42179 1.31934 1.26991 1.21068 1.16424 1.16116 1.14691 1.13486 1.12531 1.11095 1.10347 1.09835 1.09324 1.0889 1.08478 1.0813 1.07827 1.07578 1.07383 1.07236 1.07149 1.07114 1.0713 1.07196 1.07309 1.07468 1.0767 1.07909 1.08182 1.08478 1.08796 1.09129 1.09471 1.09821 1.10188 1.10562 1.10941 1.11323 1.11786 1.1251 1.13033 1.13738 1.14308 1.1532 1.17594 1.22497 1.27015 1.33462 1.43354 1.63917 1.51846 1.44807 1.53548 1.49496 1.39104 1.17416 1.0087 1.01106 1.02487 1.02672 1.00344 1.0011 1.00008 1.00005 1.00001 1 1 1 1 1 1 1 1 1 1 1 1 1 1 1 1 1 1 1 1 1 1 1 1 1 1 1 1 1 1 1.04771 1.20513 
1.68514 1.20513 1.04771 1 1 1 1 1 1 1 1 1 1 1 1 1 1 1 1 1 1 1 1 1 1 1 1 1 1 1 1 1 1 1 1 1 1 1.00023 1.00009 1.00596 1.05601 1.0422 1.45061 1.5406 1.44996 1.34565 1.27267 1.22132 1.17824 1.15673 1.14832 1.13746 1.12765 1.11926 1.10708 1.10045 1.09567 1.09084 1.08638 1.0822 1.07837 1.07494 1.07198 1.06954 1.06755 1.06606 1.06504 1.06454 1.06456 1.06511 1.06616 1.06768 1.06962 1.07198 1.07469 1.07762 1.08065 1.08379 1.087 1.09024 1.09353 1.09694 1.10043 1.10408 1.10778 1.11227 1.11856 1.12373 1.13026 1.1347 1.13946 1.15853 1.19161 1.22534 1.30927 1.37987 1.34148 1.34802 1.38351 1.41078 1.47247 1.49131 1.51082 1.36862 1.1907 1.00993 1.02616 1.02195 1.00212 1.00083 1.00012 1.00002 1 1 1 1 1 1 1 1 1 1 1 1 1 1 1 1 1 1 1 1 1 1 1 1 1 1 1 1 1 1.04771 1.20513 
1.68514 1.20513 1.04771 1 1 1 1 1 1 1 1 1 1 1 1 1 1 1 1 1 1 1 1 1 1 1 1 1 1 1 1 1 1 1 1 1 1.00007 1.0003 1.02649 1.03379 1.21137 1.54073 1.46155 1.43391 1.32359 1.23978 1.19301 1.16032 1.14124 1.13616 1.13166 1.12321 1.11562 1.10518 1.09871 1.09376 1.08893 1.08443 1.08019 1.07624 1.07254 1.06919 1.06614 1.06353 1.06144 1.05986 1.05897 1.05867 1.05876 1.05924 1.06022 1.06164 1.06348 1.06556 1.06777 1.07029 1.07319 1.07613 1.0792 1.08237 1.08557 1.08874 1.09202 1.09543 1.09894 1.10254 1.10703 1.11283 1.11794 1.12346 1.12797 1.13027 1.13648 1.15336 1.19638 1.21368 1.23799 1.27057 1.28738 1.31174 1.33445 1.30896 1.35684 1.47615 1.50308 1.43782 1.18759 1.0106 1.01338 1.00661 1.00059 1.00022 1.00003 1 1 1 1 1 1 1 1 1 1 1 1 1 1 1 1 1 1 1 1 1 1 1 1 1 1 1 1 1.04771 1.20513 
1.68514 1.20513 1.04771 1 1 1 1 1 1 1 1 1 1 1 1 1 1 1 1 1 1 1 1 1 1 1 1 1 1 1 1 1 1 1 1.00003 1.00022 1.00042 1.04979 1.03876 1.35936 1.56137 1.46796 1.33413 1.25296 1.23026 1.1666 1.14397 1.13489 1.13156 1.12774 1.11933 1.1121 1.10336 1.09684 1.09171 1.08701 1.08262 1.07846 1.07451 1.07058 1.06688 1.06347 1.06064 1.05831 1.05627 1.05472 1.0537 1.05311 1.05306 1.05349 1.05436 1.05568 1.05738 1.05939 1.0617 1.06411 1.06669 1.06947 1.07218 1.07479 1.07756 1.08067 1.08384 1.08705 1.09043 1.09404 1.09783 1.10217 1.1075 1.11233 1.11665 1.12021 1.12174 1.12187 1.12709 1.1553 1.16884 1.18183 1.17861 1.18155 1.20019 1.20834 1.29511 1.33215 1.35325 1.41843 1.50109 1.44237 1.16913 1.01927 1.01881 1.00013 1.00033 1.00004 1 1 1 1 1 1 1 1 1 1 1 1 1 1 1 1 1 1 1 1 1 1 1 1 1 1 1 1.04771 1.20513 
1.68514 1.20513 1.04771 1 1 1 1 1 1 1 1 1 1 1 1 1 1 1 1 1 1 1 1 1 1 1 1 1 1 1 1 1 1 1.00001 1.00015 1.0001 1.02823 1.03836 1.37909 1.50032 1.47067 1.34255 1.24647 1.1916 1.15123 1.13652 1.1323 1.12727 1.12216 1.11537 1.1092 1.10118 1.09503 1.08998 1.08523 1.08079 1.07665 1.07267 1.06875 1.06525 1.0619 1.05877 1.05596 1.0534 1.05125 1.04956 1.04838 1.04772 1.04753 1.04778 1.04856 1.04976 1.05141 1.05332 1.05545 1.05779 1.06027 1.06283 1.06542 1.06805 1.07053 1.07296 1.07574 1.07891 1.08225 1.08572 1.08947 1.09342 1.09783 1.10253 1.10688 1.11056 1.1126 1.11366 1.11323 1.11734 1.13388 1.13796 1.14137 1.13991 1.1421 1.1547 1.17703 1.1996 1.24533 1.29662 1.36121 1.43042 1.50071 1.30404 1.0287 1.03657 1.0001 1.00073 1.00007 1.00001 1 1 1 1 1 1 1 1 1 1 1 1 1 1 1 1 1 1 1 1 1 1 1 1 1 1.04771 1.20513 
1.68514 1.20513 1.04771 1 1 1 1 1 1 1 1 1 1 1 1 1 1 1 1 1 1 1 1 1 1 1 1 1 1 1 1 1 1.00001 1.00007 1.00092 1.00712 1.03409 1.37138 1.49907 1.40178 1.28504 1.23655 1.17148 1.1425 1.13377 1.12906 1.12362 1.11725 1.11114 1.10549 1.09891 1.09304 1.08826 1.08349 1.07901 1.07482 1.07076 1.06714 1.06389 1.06059 1.05721 1.05403 1.0511 1.04853 1.04634 1.0445 1.04316 1.04236 1.04197 1.04213 1.04279 1.04386 1.04535 1.04723 1.04925 1.05153 1.05384 1.05627 1.05868 1.06111 1.0636 1.06618 1.06868 1.07125 1.07424 1.0777 1.0814 1.08532 1.08945 1.09379 1.0977 1.10124 1.10328 1.10371 1.10414 1.10456 1.11022 1.1215 1.12553 1.12935 1.13088 1.13002 1.13178 1.1406 1.16688 1.20255 1.2418 1.33109 1.4407 1.47968 1.33127 1.03697 1.04094 1.00021 1.00069 1.00008 1 1 1 1 1 1 1 1 1 1 1 1 1 1 1 1 1 1 1 1 1 1 1 1 1 1.04771 1.20513 
1.68514 1.20513 1.04771 1 1 1 1 1 1 1 1 1 1 1 1 1 1 1 1 1 1 1 1 1 1 1 1 1 1 1 1 1 1.00001 1.00004 1.00845 1.05068 1.22227 1.55753 1.47111 1.28462 1.2175 1.15487 1.1357 1.13155 1.12593 1.11985 1.11344 1.10764 1.1018 1.09629 1.09074 1.08603 1.08149 1.07713 1.07286 1.06871 1.06536 1.06225 1.05898 1.05565 1.05243 1.04931 1.04625 1.04366 1.04133 1.0395 1.03814 1.0372 1.03679 1.03689 1.03743 1.03839 1.03969 1.04134 1.04326 1.04531 1.0474 1.04963 1.05197 1.05436 1.05681 1.05926 1.06179 1.0645 1.06728 1.07025 1.0737 1.07756 1.08149 1.08546 1.08919 1.09186 1.09359 1.09428 1.09474 1.09632 1.09904 1.105 1.11228 1.11667 1.11947 1.12149 1.12409 1.12798 1.13177 1.14109 1.16691 1.22838 1.27309 1.38656 1.4979 1.33854 1.04019 1.04332 1.00024 1.00076 1.00004 1 1 1 1 1 1 1 1 1 1 1 1 1 1 1 1 1 1 1 1 1 1 1 1 1.04771 1.20513 
1.68514 1.20513 1.04771 1 1 1 1 1 1 1 1 1 1 1 1 1 1 1 1 1 1 1 1 1 1 1 1 1 1 1 1.00001 1.00009 1.00102 1.0001 1.06469 1.03704 1.53379 1.46465 1.34357 1.238 1.15481 1.13583 1.13024 1.12437 1.11758 1.11109 1.10455 1.09864 1.09336 1.08801 1.08334 1.07902 1.07487 1.07072 1.0669 1.06356 1.06037 1.05714 1.05392 1.05067 1.0475 1.04443 1.04155 1.03893 1.03667 1.03486 1.03347 1.03255 1.0321 1.0321 1.03254 1.03337 1.03456 1.03602 1.0377 1.03952 1.04146 1.04346 1.04555 1.04781 1.05015 1.05254 1.05508 1.05772 1.06056 1.06361 1.06674 1.07017 1.07401 1.07753 1.08077 1.08308 1.08421 1.08495 1.08577 1.08766 1.09078 1.09473 1.09993 1.10504 1.10856 1.11175 1.11471 1.11859 1.12387 1.1289 1.13305 1.14886 1.20961 1.27263 1.38919 1.51017 1.3481 1.04059 1.04203 1.00012 1.00034 1.00003 1 1 1 1 1 1 1 1 1 1 1 1 1 1 1 1 1 1 1 1 1 1 1 1.04771 1.20513 
1.68514 1.20513 1.04771 1 1 1 1 1 1 1 1 1 1 1 1 1 1 1 1 1 1 1 1 1 1 1 1 1 1 1 1.00001 1.00016 1.00067 1.02146 1.05757 1.43624 1.45015 1.33355 1.24822 1.17133 1.13552 1.12935 1.12292 1.11629 1.10954 1.10252 1.09608 1.09064 1.08535 1.08054 1.07623 1.0722 1.06817 1.06472 1.06151 1.05826 1.055 1.05182 1.04883 1.04562 1.04262 1.03978 1.03713 1.03467 1.03249 1.03066 1.02924 1.02825 1.02772 1.02764 1.02798 1.0287 1.02976 1.03109 1.03262 1.0343 1.03607 1.0379 1.03979 1.04174 1.04382 1.04612 1.04857 1.05117 1.05405 1.05711 1.06035 1.06354 1.06686 1.07024 1.07284 1.07466 1.07544 1.07596 1.0771 1.07941 1.08273 1.08626 1.08997 1.09433 1.09838 1.10194 1.10584 1.10993 1.11457 1.12017 1.12627 1.13134 1.14755 1.20801 1.27207 1.38896 1.51118 1.34157 1.03822 1.03859 1.00017 1.00023 1.00002 1 1 1 1 1 1 1 1 1 1 1 1 1 1 1 1 1 1 1 1 1 1 1.04771 1.20513 
1.68514 1.20513 1.04771 1 1 1 1 1 1 1 1 1 1 1 1 1 1 1 1 1 1 1 1 1 1 1 1 1 1 1 1.00002 1.00001 1.01099 1.03137 1.24006 1.55196 1.45017 1.25551 1.19279 1.14275 1.12975 1.1228 1.11593 1.10865 1.10124 1.09462 1.08859 1.08318 1.07813 1.07351 1.06939 1.06539 1.06201 1.05898 1.05587 1.05276 1.04965 1.04663 1.04362 1.04081 1.03818 1.03557 1.03305 1.03068 1.02856 1.02675 1.02531 1.02429 1.02369 1.02353 1.02378 1.02439 1.02533 1.02652 1.0279 1.02943 1.03104 1.03272 1.03446 1.03627 1.03817 1.0402 1.04245 1.045 1.04789 1.05088 1.05413 1.05745 1.06043 1.06317 1.06548 1.06669 1.06718 1.06755 1.06893 1.0715 1.07478 1.07824 1.0816 1.08515 1.08909 1.09295 1.09704 1.10129 1.10608 1.11153 1.11751 1.12411 1.12972 1.1465 1.20744 1.27195 1.3893 1.49802 1.3382 1.03032 1.02032 1.00063 1.00013 1.00001 1 1 1 1 1 1 1 1 1 1 1 1 1 1 1 1 1 1 1 1 1 1.04771 1.20513 
1.68514 1.20513 1.04771 1 1 1 1 1 1 1 1 1 1 1 1 1 1 1 1 1 1 1 1 1 1 1 1 1 1.00001 1.00008 1.00085 1.00055 1.05141 1.02507 1.54986 1.45124 1.34124 1.23511 1.15135 1.13144 1.12366 1.11636 1.10894 1.10114 1.09401 1.08759 1.0817 1.07632 1.07131 1.06686 1.0627 1.0592 1.05618 1.05311 1.05009 1.04723 1.04424 1.04145 1.03886 1.03639 1.03394 1.03152 1.02917 1.02694 1.0249 1.02313 1.0217 1.02066 1.02002 1.01979 1.01995 1.02046 1.02128 1.02234 1.02358 1.02495 1.02642 1.02794 1.02953 1.0312 1.03297 1.03489 1.037 1.03935 1.04204 1.04516 1.04831 1.05152 1.05451 1.05677 1.05831 1.05919 1.05935 1.05984 1.06135 1.06401 1.06715 1.07038 1.07353 1.07677 1.08039 1.0844 1.08847 1.09289 1.09782 1.10333 1.10943 1.1159 1.12302 1.12911 1.14637 1.20778 1.27238 1.38684 1.48435 1.31587 1.02129 1.00769 1.00091 1.00005 1 1 1 1 1 1 1 1 1 1 1 1 1 1 1 1 1 1 1 1 1 1.04771 1.20513 
1.68514 1.20513 1.04771 1 1 1 1 1 1 1 1 1 1 1 1 1 1 1 1 1 1 1 1 1 1 1 1 1 1 1.00003 1.00046 1.01296 1.05282 1.26959 1.53957 1.37117 1.24695 1.16906 1.13329 1.12579 1.11791 1.11013 1.10228 1.09443 1.0874 1.08103 1.07526 1.06984 1.06494 1.06045 1.05667 1.05346 1.05031 1.04735 1.04454 1.04166 1.03909 1.03671 1.03439 1.03212 1.0299 1.02769 1.02553 1.02345 1.02152 1.01982 1.01842 1.01737 1.0167 1.01642 1.0165 1.01692 1.01763 1.01857 1.01967 1.0209 1.02221 1.02359 1.02504 1.02656 1.02821 1.03002 1.03204 1.03432 1.03685 1.03972 1.04292 1.04598 1.04873 1.0508 1.05178 1.05199 1.05212 1.0527 1.05434 1.0569 1.05991 1.06287 1.0658 1.0689 1.07227 1.07611 1.08044 1.08501 1.09002 1.09554 1.10172 1.10828 1.11528 1.12288 1.12946 1.14717 1.20938 1.27259 1.44296 1.51108 1.17959 1.01507 1.00271 1.00009 1.00001 1 1 1 1 1 1 1 1 1 1 1 1 1 1 1 1 1 1 1 1 1.04771 1.20513 
1.68514 1.20513 1.04771 1 1 1 1 1 1 1 1 1 1 1 1 1 1 1 1 1 1 1 1 1 1 1 1 1.00001 1.00009 1.00101 1.00058 1.05927 1.02232 1.50678 1.43467 1.30257 1.20481 1.14286 1.12917 1.12018 1.11222 1.10408 1.09588 1.08822 1.08135 1.07505 1.06922 1.06386 1.05895 1.05476 1.05117 1.04777 1.04467 1.04184 1.03905 1.03661 1.03437 1.03221 1.03013 1.02809 1.02608 1.02409 1.02212 1.02021 1.01842 1.01682 1.01547 1.01444 1.01376 1.01344 1.01346 1.01379 1.0144 1.01522 1.01619 1.01728 1.01845 1.01969 1.02099 1.02239 1.02392 1.02562 1.02754 1.02973 1.0322 1.0349 1.03783 1.04086 1.04336 1.04505 1.04568 1.0454 1.04522 1.04598 1.04778 1.05029 1.05299 1.05571 1.05847 1.06144 1.06478 1.06858 1.07285 1.07753 1.08271 1.08827 1.0944 1.10107 1.10815 1.11564 1.12371 1.13083 1.14823 1.22818 1.33124 1.43421 1.45291 1.01266 1.02583 1.00088 1.00031 1.00003 1 1 1 1 1 1 1 1 1 1 1 1 1 1 1 1 1 1 1 1.04771 1.20513 
1.68514 1.20513 1.04771 1 1 1 1 1 1 1 1 1 1 1 1 1 1 1 1 1 1 1 1 1 1 1 1 1 1.00004 1.00039 1.01027 1.04871 1.27143 1.53226 1.36024 1.24932 1.16856 1.13262 1.12393 1.11521 1.10689 1.09838 1.09018 1.08267 1.07588 1.06957 1.06372 1.05834 1.05353 1.0495 1.0458 1.0424 1.03937 1.03651 1.03406 1.0319 1.02988 1.02796 1.02611 1.0243 1.02251 1.02073 1.01896 1.01724 1.0156 1.01412 1.01286 1.01187 1.0112 1.01085 1.01082 1.01107 1.01158 1.01229 1.01314 1.0141 1.01513 1.01624 1.01742 1.01869 1.02011 1.02171 1.02354 1.02563 1.028 1.03061 1.03333 1.03597 1.03831 1.03967 1.03998 1.03957 1.03932 1.0401 1.04172 1.04393 1.04644 1.04896 1.05156 1.05442 1.05772 1.0615 1.0658 1.07055 1.07576 1.08143 1.08758 1.09428 1.10143 1.10902 1.11697 1.12563 1.13227 1.16619 1.24115 1.3639 1.51513 1.20164 1.02763 1.0047 1.00013 1.00001 1 1 1 1 1 1 1 1 1 1 1 1 1 1 1 1 1 1 1 1.04771 1.20513 
1.68514 1.20513 1.04771 1 1 1 1 1 1 1 1 1 1 1 1 1 1 1 1 1 1 1 1 1 1 1 1 1.00004 1.00045 1.00006 1.04118 1.0211 1.4375 1.50337 1.33777 1.20213 1.14254 1.12871 1.11916 1.11051 1.10181 1.09323 1.08508 1.07768 1.07089 1.06455 1.0587 1.05324 1.0487 1.04462 1.04085 1.03747 1.03435 1.03174 1.02951 1.02751 1.02569 1.02399 1.02236 1.02076 1.01919 1.01763 1.01607 1.01454 1.01308 1.01174 1.01058 1.00965 1.009 1.00864 1.00857 1.00876 1.00918 1.00978 1.01051 1.01134 1.01225 1.01323 1.01429 1.01546 1.01677 1.01828 1.02003 1.02204 1.02431 1.02677 1.0293 1.03164 1.03348 1.03454 1.03453 1.03405 1.03395 1.03479 1.03651 1.03841 1.04033 1.04251 1.04505 1.04791 1.05115 1.05489 1.0592 1.06402 1.06927 1.07502 1.08124 1.08797 1.09516 1.10281 1.11087 1.11935 1.12801 1.14009 1.20183 1.29672 1.41601 1.44972 1.01232 1.02969 1.00071 1.00037 1.00003 1 1 1 1 1 1 1 1 1 1 1 1 1 1 1 1 1 1 1.04771 1.20513 
1.68514 1.20513 1.04771 1 1 1 1 1 1 1 1 1 1 1 1 1 1 1 1 1 1 1 1 1 1 1 1.00001 1.00021 1.00208 1.00051 1.08731 1.01939 1.57341 1.36519 1.29988 1.17869 1.13388 1.12449 1.11495 1.10606 1.09721 1.08865 1.08053 1.07322 1.06637 1.06001 1.0541 1.0489 1.04437 1.04013 1.03634 1.03289 1.02992 1.02747 1.02534 1.02348 1.02183 1.02032 1.0189 1.01752 1.01616 1.0148 1.01345 1.01212 1.01084 1.00965 1.00861 1.00777 1.00716 1.0068 1.0067 1.00683 1.00717 1.00767 1.00829 1.00901 1.0098 1.01066 1.01161 1.01268 1.0139 1.01533 1.017 1.01892 1.02109 1.02341 1.02571 1.02772 1.0291 1.02966 1.02942 1.02888 1.02899 1.02987 1.0314 1.03321 1.03509 1.03697 1.03907 1.04175 1.04505 1.04884 1.05311 1.05794 1.06327 1.06908 1.07536 1.08213 1.08936 1.09705 1.10519 1.11371 1.12276 1.13059 1.16579 1.24383 1.3616 1.52095 1.19645 1.03078 1.00431 1.00014 1.00001 1 1 1 1 1 1 1 1 1 1 1 1 1 1 1 1 1 1 1.04771 1.20513 
1.68514 1.20513 1.04771 1 1 1 1 1 1 1 1 1 1 1 1 1 1 1 1 1 1 1 1 1 1 1 1 1.00004 1.00051 1.00875 1.05531 1.21854 1.50136 1.31417 1.20929 1.15736 1.13043 1.12065 1.11119 1.10213 1.09332 1.08458 1.07658 1.06923 1.0624 1.05602 1.0502 1.04511 1.04041 1.03612 1.03229 1.02888 1.02604 1.02364 1.02159 1.01986 1.01835 1.017 1.01576 1.01457 1.01341 1.01226 1.01112 1.00998 1.00889 1.00786 1.00695 1.0062 1.00565 1.00531 1.00519 1.00527 1.00553 1.00594 1.00646 1.00707 1.00775 1.0085 1.00936 1.01033 1.01148 1.01283 1.01443 1.01628 1.01834 1.0205 1.02257 1.02423 1.02516 1.02521 1.02468 1.02411 1.02424 1.02519 1.02662 1.02826 1.02996 1.03181 1.034 1.03654 1.03953 1.04323 1.04759 1.0524 1.05775 1.06362 1.06995 1.07676 1.08405 1.09176 1.09996 1.10855 1.11757 1.12667 1.13913 1.20048 1.29617 1.41465 1.43097 1.01008 1.02764 1.0007 1.00032 1.00003 1 1 1 1 1 1 1 1 1 1 1 1 1 1 1 1 1 1.04771 1.20513 
1.68514 1.20513 1.04771 1 1 1 1 1 1 1 1 1 1 1 1 1 1 1 1 1 1 1 1 1 1 1 1.00003 1.00038 1.00003 1.03608 1.01633 1.44281 1.49967 1.33507 1.20431 1.14221 1.12763 1.1173 1.10783 1.09871 1.08972 1.08109 1.07309 1.06585 1.05903 1.05258 1.04683 1.04163 1.03691 1.03262 1.02871 1.02541 1.02263 1.02028 1.01831 1.01666 1.01526 1.01405 1.01296 1.01195 1.01098 1.01002 1.00907 1.00813 1.00721 1.00635 1.00557 1.00493 1.00444 1.00412 1.00399 1.00403 1.00423 1.00455 1.00498 1.00549 1.00607 1.00674 1.0075 1.0084 1.00948 1.01077 1.0123 1.01407 1.01602 1.01801 1.01983 1.02115 1.02167 1.02132 1.02051 1.01993 1.02002 1.02084 1.02213 1.02357 1.02514 1.02698 1.02914 1.03178 1.03486 1.03836 1.04242 1.04737 1.05276 1.05863 1.06502 1.07188 1.07921 1.08697 1.0952 1.10386 1.11289 1.12244 1.13085 1.16636 1.24676 1.35303 1.50349 1.17477 1.0262 1.00161 1.00014 1.00001 1 1 1 1 1 1 1 1 1 1 1 1 1 1 1 1 1 1.04771 1.20513 
1.68514 1.20513 1.04771 1 1 1 1 1 1 1 1 1 1 1 1 1 1 1 1 1 1 1 1 1 1 1.00001 1.00012 1.00128 1.00025 1.06593 1.01623 1.58506 1.4288 1.32179 1.17801 1.13407 1.12497 1.11446 1.10496 1.09584 1.08672 1.07816 1.0703 1.06301 1.05615 1.04964 1.04391 1.03865 1.0339 1.02952 1.0257 1.02248 1.01973 1.01742 1.0155 1.01391 1.0126 1.01149 1.01054 1.00968 1.00887 1.00808 1.00731 1.00654 1.00579 1.00509 1.00445 1.00391 1.00349 1.00321 1.00307 1.00308 1.00322 1.00347 1.00382 1.00424 1.00474 1.00532 1.00602 1.00686 1.00788 1.00912 1.01059 1.01227 1.01409 1.0159 1.01745 1.01843 1.01857 1.01793 1.01697 1.01636 1.01646 1.01711 1.01807 1.01923 1.02069 1.02248 1.02466 1.02736 1.03054 1.03422 1.03826 1.04291 1.04823 1.05419 1.06059 1.06749 1.07487 1.08268 1.09092 1.09964 1.10873 1.11823 1.1278 1.1407 1.20025 1.32444 1.46376 1.37431 1.00651 1.01429 1.00251 1.00013 1.00001 1 1 1 1 1 1 1 1 1 1 1 1 1 1 1 1 1.04771 1.20513 
1.68514 1.20513 1.04771 1 1 1 1 1 1 1 1 1 1 1 1 1 1 1 1 1 1 1 1 1 1 1.00001 1.00016 1.00163 1.00011 1.07598 1.00808 1.51811 1.38597 1.26941 1.16579 1.13233 1.12248 1.11209 1.10268 1.09339 1.08451 1.07591 1.06806 1.0606 1.05367 1.04724 1.04144 1.03615 1.03134 1.02703 1.02329 1.02008 1.01735 1.01506 1.01317 1.01163 1.01038 1.00935 1.00849 1.00775 1.00708 1.00644 1.00582 1.00522 1.00462 1.00406 1.00355 1.00311 1.00276 1.00252 1.00239 1.00237 1.00247 1.00265 1.00292 1.00327 1.0037 1.00422 1.00486 1.00565 1.00663 1.00782 1.00923 1.01082 1.01252 1.01413 1.0154 1.01604 1.01585 1.01498 1.01394 1.01332 1.01335 1.01386 1.01461 1.01555 1.01676 1.0184 1.02059 1.02339 1.02657 1.03033 1.03463 1.03932 1.04451 1.05015 1.0567 1.0636 1.07103 1.07888 1.08715 1.09589 1.10504 1.11455 1.1246 1.13304 1.17664 1.33091 1.41808 1.47555 1.01362 1.03358 1.01188 1.00043 1.00004 1 1 1 1 1 1 1 1 1 1 1 1 1 1 1 1 1.04771 1.20513 
1.68514 1.20513 1.04771 1 1 1 1 1 1 1 1 1 1 1 1 1 1 1 1 1 1 1 1 1 1 1.00002 1.00026 1.00252 1.00041 1.09669 1.00466 1.52634 1.32818 1.25056 1.1664 1.13044 1.12016 1.11032 1.10074 1.09179 1.08287 1.07418 1.06619 1.05871 1.05168 1.04528 1.03945 1.03419 1.02939 1.02511 1.02141 1.01821 1.01548 1.01321 1.01134 1.00983 1.00861 1.00764 1.00685 1.0062 1.00563 1.00511 1.00462 1.00414 1.00369 1.00325 1.00285 1.0025 1.00222 1.00201 1.00189 1.00185 1.00191 1.00204 1.00225 1.00253 1.0029 1.00337 1.00397 1.00473 1.00568 1.00683 1.00818 1.00968 1.01123 1.01264 1.01364 1.01397 1.01351 1.01248 1.0114 1.01077 1.01069 1.01102 1.01159 1.01238 1.0135 1.01504 1.01708 1.01978 1.02311 1.02694 1.03129 1.03614 1.04149 1.04702 1.05324 1.06025 1.06768 1.07557 1.08389 1.09264 1.10184 1.11139 1.12147 1.13024 1.16491 1.24427 1.31543 1.48324 1.00332 1.04948 1.00429 1.00081 1.00007 1 1 1 1 1 1 1 1 1 1 1 1 1 1 1 1 1.04771 1.20513 
1.68514 1.20513 1.04771 1 1 1 1 1 1 1 1 1 1 1 1 1 1 1 1 1 1 1 1 1 1 1 1.00005 1.00063 1.00405 1.06302 1.17803 1.4879 1.31892 1.21448 1.15757 1.12939 1.11889 1.10879 1.09982 1.09087 1.08157 1.07285 1.06479 1.05717 1.05017 1.04386 1.03804 1.03275 1.02797 1.02373 1.02004 1.01684 1.01413 1.01186 1.01 1.0085 1.00731 1.00636 1.00562 1.00501 1.00451 1.00408 1.00368 1.00331 1.00296 1.00262 1.00232 1.00204 1.00181 1.00164 1.00153 1.00148 1.0015 1.00158 1.00174 1.00198 1.00231 1.00274 1.00332 1.00405 1.00497 1.00608 1.00737 1.00878 1.01018 1.01138 1.01213 1.0122 1.01153 1.01041 1.00932 1.00865 1.00847 1.00863 1.00903 1.00971 1.01075 1.01225 1.01429 1.01688 1.02008 1.02393 1.02842 1.03333 1.03882 1.04457 1.05049 1.05737 1.06486 1.07277 1.08114 1.0899 1.09912 1.10871 1.11879 1.12809 1.15608 1.21125 1.3138 1.47213 1.15533 1.03202 1.0015 1.00019 1.00001 1 1 1 1 1 1 1 1 1 1 1 1 1 1 1 1 1.04771 1.20513 
1.68514 1.20513 1.04771 1 1 1 1 1 1 1 1 1 1 1 1 1 1 1 1 1 1 1 1 1 1 1.00001 1.00017 1.00279 1.02137 1.01699 1.39959 1.46985 1.32742 1.20627 1.14433 1.12951 1.11773 1.10853 1.09963 1.09017 1.08068 1.07194 1.06365 1.05613 1.04927 1.04294 1.03716 1.03185 1.02707 1.02285 1.01916 1.01598 1.01326 1.011 1.00914 1.00765 1.00646 1.00552 1.00478 1.0042 1.00373 1.00334 1.003 1.0027 1.00242 1.00216 1.00192 1.00171 1.00152 1.00137 1.00126 1.0012 1.00119 1.00124 1.00136 1.00156 1.00186 1.00228 1.00284 1.00356 1.00446 1.00553 1.00675 1.00806 1.00931 1.01031 1.01084 1.0107 1.0099 1.00874 1.00765 1.00694 1.00665 1.00667 1.00694 1.00753 1.00853 1.01001 1.01203 1.01462 1.01779 1.02151 1.02589 1.03109 1.03663 1.04251 1.04859 1.0549 1.06262 1.07046 1.07889 1.08766 1.09689 1.10653 1.11656 1.12661 1.14105 1.2033 1.32931 1.45396 1.34707 1.00798 1.0119 1.00172 1.00009 1.00001 1 1 1 1 1 1 1 1 1 1 1 1 1 1 1 1.04771 1.20513 
1.68514 1.20513 1.04771 1 1 1 1 1 1 1 1 1 1 1 1 1 1 1 1 1 1 1 1 1 1 1.00005 1.00059 1.00581 1.03989 1.0011 1.63017 1.44908 1.38926 1.19365 1.13813 1.12915 1.11827 1.10909 1.09959 1.08975 1.08023 1.07113 1.06312 1.05571 1.04886 1.04253 1.03678 1.03145 1.02667 1.02246 1.01877 1.01558 1.01288 1.01062 1.00876 1.00725 1.00604 1.00509 1.00434 1.00375 1.00328 1.0029 1.00258 1.00231 1.00207 1.00185 1.00165 1.00147 1.00131 1.00117 1.00106 1.00098 1.00095 1.00097 1.00107 1.00125 1.00153 1.00193 1.00248 1.0032 1.00407 1.00511 1.00626 1.00745 1.00855 1.00938 1.00972 1.00944 1.00859 1.00744 1.00636 1.00561 1.00522 1.00512 1.00532 1.00586 1.00683 1.0083 1.01032 1.01291 1.01608 1.01982 1.0241 1.02916 1.03486 1.04088 1.04726 1.0535 1.06069 1.06876 1.07712 1.08596 1.09516 1.10485 1.11484 1.12537 1.13415 1.1781 1.32008 1.40287 1.47352 1.00322 1.02551 1.00732 1.0003 1.00002 1 1 1 1 1 1 1 1 1 1 1 1 1 1 1 1.04771 1.20513 
1.68514 1.20513 1.04771 1 1 1 1 1 1 1 1 1 1 1 1 1 1 1 1 1 1 1 1 1 1 1.00001 1.00017 1.00188 1.02164 1.01788 1.4015 1.46957 1.3282 1.20607 1.14428 1.12996 1.11961 1.10972 1.09964 1.08975 1.07966 1.07098 1.06315 1.05572 1.04886 1.04261 1.03682 1.03153 1.02674 1.02251 1.01882 1.01565 1.01294 1.01067 1.0088 1.00726 1.00603 1.00504 1.00425 1.00363 1.00313 1.00272 1.00239 1.00211 1.00187 1.00166 1.00148 1.00131 1.00115 1.00101 1.00089 1.0008 1.00075 1.00075 1.00083 1.00099 1.00127 1.00167 1.00222 1.00293 1.00378 1.00477 1.00584 1.00692 1.00787 1.00854 1.00875 1.0084 1.00755 1.00645 1.00541 1.00463 1.00416 1.004 1.00415 1.00467 1.00564 1.00712 1.00915 1.01175 1.01492 1.01866 1.02296 1.02785 1.03359 1.03969 1.04615 1.05291 1.05977 1.06741 1.07593 1.08473 1.09398 1.10364 1.11368 1.12417 1.13354 1.16639 1.26409 1.3633 1.4531 1.00126 1.02753 1.00843 1.00034 1.00003 1 1 1 1 1 1 1 1 1 1 1 1 1 1 1 1.04771 1.20513 
1.68514 1.20513 1.04771 1 1 1 1 1 1 1 1 1 1 1 1 1 1 1 1 1 1 1 1 1 1 1 1.00006 1.00067 1.00442 1.06524 1.17637 1.48721 1.31896 1.21421 1.15848 1.13116 1.12113 1.11019 1.10002 1.08923 1.0798 1.07137 1.06356 1.05613 1.04931 1.04309 1.03729 1.03198 1.0272 1.02297 1.01929 1.01611 1.0134 1.01111 1.0092 1.00764 1.00636 1.00532 1.00448 1.0038 1.00324 1.00279 1.00241 1.0021 1.00183 1.0016 1.00139 1.00121 1.00104 1.00088 1.00075 1.00064 1.00057 1.00055 1.00062 1.00078 1.00106 1.00147 1.00202 1.00271 1.00354 1.00447 1.00546 1.00642 1.00724 1.00778 1.0079 1.00755 1.00676 1.00574 1.00474 1.00396 1.00346 1.00327 1.00341 1.00395 1.00495 1.00646 1.00851 1.01113 1.01431 1.01805 1.02236 1.0272 1.0327 1.03903 1.04554 1.05267 1.05989 1.06693 1.07516 1.08407 1.09328 1.10295 1.11299 1.12351 1.13279 1.16752 1.26996 1.37121 1.47338 1.00113 1.02985 1.00992 1.00038 1.00003 1 1 1 1 1 1 1 1 1 1 1 1 1 1 1 1.04771 1.20513 
1.68514 1.20513 1.04771 1 1 1 1 1 1 1 1 1 1 1 1 1 1 1 1 1 1 1 1 1 1 1.00002 1.00029 1.00275 1.00043 1.10121 1.00529 1.51876 1.32408 1.25155 1.17116 1.13451 1.12199 1.11106 1.09937 1.0895 1.08046 1.07208 1.06427 1.05691 1.05014 1.04386 1.03808 1.03278 1.02799 1.02378 1.0201 1.0169 1.01416 1.01184 1.0099 1.00828 1.00695 1.00585 1.00494 1.00419 1.00357 1.00305 1.00261 1.00223 1.00191 1.00163 1.00139 1.00117 1.00096 1.00078 1.00061 1.00048 1.00039 1.00037 1.00044 1.0006 1.00089 1.0013 1.00185 1.00253 1.00332 1.00419 1.00508 1.00592 1.00661 1.00706 1.00715 1.00684 1.00615 1.00525 1.00433 1.00358 1.00309 1.00291 1.00309 1.00368 1.00473 1.00629 1.00838 1.01102 1.01422 1.01798 1.02229 1.02715 1.03252 1.03854 1.0456 1.05282 1.06008 1.06752 1.07476 1.08399 1.09305 1.10278 1.11279 1.12333 1.13263 1.16682 1.26797 1.36955 1.47434 1.00119 1.03035 1.01026 1.00039 1.00003 1 1 1 1 1 1 1 1 1 1 1 1 1 1 1 1.04771 1.20513 
1.68514 1.20513 1.04771 1 1 1 1 1 1 1 1 1 1 1 1 1 1 1 1 1 1 1 1 1 1 1.00001 1.0002 1.00199 1.00011 1.08509 1.00971 1.53335 1.3883 1.28254 1.17196 1.13749 1.12402 1.10998 1.09967 1.09034 1.0813 1.07298 1.06523 1.05797 1.0512 1.04488 1.03912 1.0338 1.02905 1.02485 1.02115 1.01793 1.01515 1.01278 1.01079 1.00911 1.00771 1.00654 1.00556 1.00474 1.00404 1.00344 1.00293 1.00248 1.00209 1.00175 1.00144 1.00117 1.00092 1.00069 1.00049 1.00034 1.00024 1.00021 1.00028 1.00046 1.00075 1.00117 1.00171 1.00237 1.00311 1.00389 1.00468 1.0054 1.00599 1.00638 1.00648 1.00625 1.0057 1.00495 1.00415 1.00347 1.00303 1.0029 1.00314 1.00381 1.00494 1.00657 1.00872 1.01141 1.01464 1.01842 1.02275 1.02761 1.03302 1.03887 1.0457 1.05317 1.06092 1.06873 1.07544 1.08422 1.09343 1.10306 1.11312 1.12362 1.1329 1.16762 1.27 1.37096 1.47113 1.00113 1.02948 1.00967 1.00037 1.00003 1 1 1 1 1 1 1 1 1 1 1 1 1 1 1 1.04771 1.20513 
1.68514 1.20513 1.04771 1 1 1 1 1 1 1 1 1 1 1 1 1 1 1 1 1 1 1 1 1 1 1.00001 1.00014 1.00148 1.00019 1.07251 1.00591 1.55395 1.3833 1.2831 1.17496 1.13807 1.12267 1.11 1.10059 1.0912 1.08231 1.07392 1.06633 1.05909 1.05234 1.04607 1.04025 1.03499 1.03026 1.02606 1.02234 1.01908 1.01626 1.01384 1.01177 1.01002 1.00854 1.0073 1.00624 1.00534 1.00457 1.0039 1.00331 1.00279 1.00233 1.00191 1.00154 1.0012 1.0009 1.00063 1.0004 1.00022 1.00012 1.00009 1.00016 1.00035 1.00065 1.00107 1.0016 1.00222 1.00289 1.00359 1.00426 1.00487 1.00537 1.00572 1.00586 1.00574 1.00537 1.0048 1.00416 1.00359 1.00324 1.0032 1.00354 1.00431 1.00554 1.00726 1.0095 1.01225 1.01553 1.01935 1.0237 1.02859 1.034 1.03993 1.0464 1.05418 1.06256 1.07016 1.0775 1.08476 1.09445 1.10376 1.11398 1.12436 1.13379 1.16661 1.26429 1.36286 1.44905 1.00124 1.02686 1.00804 1.00032 1.00003 1 1 1 1 1 1 1 1 1 1 1 1 1 1 1 1.04771 1.20513 
1.68514 1.20513 1.04771 1 1 1 1 1 1 1 1 1 1 1 1 1 1 1 1 1 1 1 1 1 1 1.00001 1.00008 1.00086 1.00234 1.05271 1.019 1.54294 1.43664 1.32656 1.19021 1.13864 1.12155 1.1108 1.10127 1.09198 1.08323 1.07487 1.06741 1.06016 1.05341 1.04716 1.0414 1.0362 1.03149 1.02729 1.02355 1.02027 1.0174 1.01491 1.01277 1.01095 1.00939 1.00806 1.00693 1.00595 1.00511 1.00436 1.0037 1.00311 1.00258 1.00209 1.00166 1.00126 1.00091 1.0006 1.00034 1.00015 1.00004 1.00002 1.0001 1.00029 1.0006 1.00101 1.00151 1.00208 1.00268 1.00327 1.00382 1.00433 1.00475 1.00508 1.00528 1.0053 1.00512 1.00476 1.00432 1.00392 1.00371 1.00379 1.00425 1.00513 1.00649 1.00832 1.01066 1.0135 1.01686 1.02073 1.02512 1.03003 1.03549 1.04145 1.04777 1.05561 1.06424 1.07192 1.07996 1.0857 1.09601 1.10495 1.11535 1.12562 1.13455 1.1783 1.32033 1.40176 1.46557 1.00313 1.02455 1.00681 1.00029 1.00002 1 1 1 1 1 1 1 1 1 1 1 1 1 1 1 1.04771 1.20513 
1.68514 1.20513 1.04771 1 1 1 1 1 1 1 1 1 1 1 1 1 1 1 1 1 1 1 1 1 1 1 1.00001 1.00017 1.0005 1.02293 1.01947 1.39171 1.50387 1.33888 1.21194 1.14167 1.12103 1.11099 1.10177 1.09246 1.08381 1.07577 1.06806 1.06105 1.05434 1.04808 1.04244 1.03728 1.03262 1.02843 1.02469 1.02139 1.01848 1.01594 1.01374 1.01184 1.0102 1.00879 1.00757 1.00652 1.00559 1.00477 1.00404 1.00338 1.00279 1.00225 1.00176 1.00132 1.00093 1.0006 1.00033 1.00014 1.00003 1.00001 1.0001 1.0003 1.00061 1.001 1.00147 1.00196 1.00247 1.00294 1.00338 1.00378 1.00415 1.00448 1.00474 1.0049 1.00492 1.0048 1.0046 1.00442 1.00438 1.00462 1.00522 1.00624 1.00773 1.00969 1.01215 1.01511 1.01856 1.02251 1.02697 1.03192 1.03741 1.0434 1.04984 1.05744 1.06577 1.07464 1.08254 1.08829 1.0976 1.10691 1.11709 1.12703 1.1415 1.20367 1.32908 1.45246 1.34185 1.00731 1.01121 1.0016 1.00009 1.00001 1 1 1 1 1 1 1 1 1 1 1 1 1 1 1 1.04771 1.20513 
1.68514 1.20513 1.04771 1 1 1 1 1 1 1 1 1 1 1 1 1 1 1 1 1 1 1 1 1 1 1 1 1.00006 1.00066 1.00328 1.06226 1.19257 1.50477 1.32161 1.20788 1.1478 1.12058 1.11091 1.10178 1.09268 1.08407 1.07622 1.06856 1.06152 1.05488 1.04875 1.04322 1.03814 1.03354 1.0294 1.02569 1.0224 1.01948 1.01691 1.01466 1.0127 1.01098 1.00949 1.00818 1.00703 1.00602 1.00511 1.0043 1.00357 1.00292 1.00233 1.00182 1.00136 1.00097 1.00064 1.00037 1.00019 1.00009 1.00009 1.00019 1.00039 1.00069 1.00105 1.00146 1.00187 1.00227 1.00263 1.00295 1.00326 1.00358 1.00391 1.00424 1.00453 1.00476 1.00489 1.00496 1.00503 1.00523 1.00566 1.00642 1.00759 1.00922 1.01133 1.01392 1.017 1.02057 1.02463 1.02917 1.03421 1.03972 1.04581 1.05234 1.05941 1.06863 1.07823 1.086 1.09308 1.09931 1.10959 1.1192 1.12876 1.15654 1.21158 1.31347 1.47747 1.15158 1.03009 1.00135 1.00017 1.00001 1 1 1 1 1 1 1 1 1 1 1 1 1 1 1 1 1.04771 1.20513 
1.68514 1.20513 1.04771 1 1 1 1 1 1 1 1 1 1 1 1 1 1 1 1 1 1 1 1 1 1 1 1.00001 1.00023 1.00226 1.00032 1.09116 1.08598 1.53386 1.36448 1.27102 1.16052 1.11897 1.11071 1.10102 1.09225 1.08403 1.07614 1.06877 1.06166 1.05504 1.04911 1.04369 1.03873 1.03424 1.03018 1.02655 1.0233 1.02041 1.01784 1.01556 1.01354 1.01176 1.01017 1.00876 1.0075 1.00637 1.00536 1.00446 1.00366 1.00295 1.00234 1.00181 1.00136 1.00099 1.00069 1.00046 1.00031 1.00024 1.00026 1.00037 1.00057 1.00084 1.00116 1.0015 1.00181 1.00209 1.00233 1.00254 1.00277 1.00304 1.00338 1.00377 1.0042 1.00461 1.005 1.00535 1.00572 1.00619 1.00685 1.00781 1.00916 1.01094 1.01319 1.01592 1.01914 1.02284 1.02702 1.03168 1.03682 1.0424 1.04853 1.05516 1.0621 1.07144 1.08171 1.08937 1.09801 1.10127 1.11286 1.12171 1.1312 1.16541 1.24508 1.31481 1.4765 1.0032 1.04644 1.00417 1.00074 1.00006 1 1 1 1 1 1 1 1 1 1 1 1 1 1 1 1 1.04771 1.20513 
1.68514 1.20513 1.04771 1 1 1 1 1 1 1 1 1 1 1 1 1 1 1 1 1 1 1 1 1 1 1 1 1.00005 1.00061 1.00016 1.05026 1.1286 1.418 1.39967 1.27512 1.17502 1.12175 1.10988 1.10005 1.09111 1.08333 1.07564 1.06851 1.06139 1.05491 1.04916 1.04391 1.0391 1.03475 1.03083 1.02731 1.02415 1.02131 1.01876 1.01647 1.01441 1.01254 1.01085 1.00932 1.00792 1.00666 1.00553 1.00453 1.00365 1.0029 1.00226 1.00174 1.00133 1.001 1.00075 1.00058 1.00049 1.00046 1.00051 1.00064 1.00083 1.00107 1.00133 1.00158 1.00178 1.00194 1.00206 1.00217 1.00233 1.00256 1.0029 1.00335 1.00388 1.00448 1.0051 1.00575 1.00643 1.00721 1.00815 1.00935 1.01089 1.01284 1.01524 1.01812 1.02148 1.02532 1.02963 1.03442 1.03968 1.04537 1.05153 1.05837 1.0655 1.07417 1.08434 1.0943 1.10195 1.10557 1.11576 1.12518 1.13396 1.17722 1.33093 1.41564 1.46252 1.01252 1.03091 1.00993 1.00038 1.00003 1 1 1 1 1 1 1 1 1 1 1 1 1 1 1 1 1.04771 1.20513 
1.68514 1.20513 1.04771 1 1 1 1 1 1 1 1 1 1 1 1 1 1 1 1 1 1 1 1 1 1 1 1 1.00001 1.00007 1.00005 1.0362 1.20975 1.2583 1.36089 1.25546 1.19756 1.13621 1.10787 1.09914 1.08992 1.08228 1.075 1.06784 1.06093 1.05462 1.04904 1.04398 1.03936 1.03519 1.03143 1.02805 1.025 1.02223 1.01971 1.01741 1.01528 1.01332 1.01151 1.00983 1.00829 1.00689 1.00563 1.00452 1.00356 1.00277 1.00212 1.00162 1.00126 1.001 1.00083 1.00074 1.00072 1.00075 1.00084 1.00098 1.00116 1.00136 1.00154 1.00169 1.00178 1.00182 1.00182 1.00185 1.00194 1.00214 1.00248 1.00297 1.0036 1.00435 1.0052 1.00612 1.00713 1.00824 1.0095 1.01097 1.01275 1.01489 1.01746 1.02048 1.02398 1.02796 1.03241 1.03734 1.04273 1.04856 1.05479 1.06168 1.06898 1.07716 1.08903 1.10032 1.10733 1.11395 1.11824 1.12929 1.14122 1.20116 1.32395 1.45989 1.36262 1.00572 1.01221 1.00213 1.00011 1.00001 1 1 1 1 1 1 1 1 1 1 1 1 1 1 1 1 1.04771 1.20513 
1.68514 1.20513 1.04771 1 1 1 1 1 1 1 1 1 1 1 1 1 1 1 1 1 1 1 1 1 1 1 1 1.00001 1.00015 1.0001 1.05905 1.23852 1.22788 1.27791 1.24566 1.21877 1.16694 1.11327 1.09745 1.08888 1.08129 1.07431 1.06726 1.06044 1.05431 1.04891 1.04405 1.03964 1.03566 1.03208 1.02884 1.0259 1.0232 1.0207 1.01835 1.01615 1.01407 1.01211 1.01028 1.00858 1.00703 1.00565 1.00445 1.00343 1.0026 1.00196 1.00149 1.00118 1.001 1.00093 1.00093 1.001 1.0011 1.00124 1.00139 1.00155 1.0017 1.0018 1.00184 1.00181 1.00173 1.00164 1.00158 1.00162 1.00179 1.00213 1.00265 1.00335 1.00423 1.00527 1.00646 1.00778 1.00923 1.01083 1.01263 1.01469 1.01706 1.01981 1.02299 1.02663 1.03074 1.03533 1.04039 1.04591 1.05188 1.05826 1.0651 1.07291 1.08068 1.09209 1.10741 1.11499 1.12347 1.12046 1.13367 1.16603 1.24781 1.35219 1.49355 1.16438 1.02361 1.00129 1.00012 1.00001 1 1 1 1 1 1 1 1 1 1 1 1 1 1 1 1 1 1.04771 1.20513 
1.68514 1.20513 1.04771 1 1 1 1 1 1 1 1 1 1 1 1 1 1 1 1 1 1 1 1 1 1 1 1 1.00006 1.00068 1.00061 1.09445 1.22028 1.2313 1.1613 1.22027 1.21249 1.16715 1.13037 1.0977 1.08794 1.08058 1.07378 1.06667 1.06011 1.05419 1.04889 1.04423 1.04002 1.03623 1.0328 1.0297 1.02685 1.02418 1.02166 1.01926 1.01695 1.01474 1.01263 1.01064 1.00879 1.00711 1.00562 1.00434 1.00327 1.00242 1.0018 1.00137 1.00113 1.00104 1.00106 1.00117 1.00133 1.00151 1.00169 1.00186 1.00199 1.00208 1.00209 1.00202 1.00187 1.00169 1.00151 1.00139 1.00138 1.00152 1.00185 1.00238 1.00313 1.00412 1.00533 1.00675 1.00836 1.01015 1.01211 1.01426 1.01664 1.01929 1.02227 1.02564 1.02942 1.03366 1.03837 1.04355 1.0492 1.0553 1.06182 1.06873 1.07654 1.08459 1.09683 1.1145 1.12433 1.12964 1.1245 1.14226 1.19996 1.2974 1.41188 1.42348 1.00865 1.02451 1.00086 1.00028 1.00002 1 1 1 1 1 1 1 1 1 1 1 1 1 1 1 1 1 1.04771 1.20513 
1.68514 1.20513 1.04771 1 1 1 1 1 1 1 1 1 1 1 1 1 1 1 1 1 1 1 1 1 1 1 1.00001 1.00009 1.00101 1.00012 1.1129 1.22953 1.23922 1.15026 1.14845 1.18735 1.17311 1.14134 1.10394 1.08699 1.08024 1.07337 1.06632 1.06 1.05433 1.0491 1.04457 1.04053 1.03689 1.0336 1.03058 1.02779 1.02513 1.02257 1.02008 1.01766 1.0153 1.01305 1.01091 1.00894 1.00715 1.00557 1.00422 1.00313 1.00228 1.00168 1.00131 1.00114 1.00114 1.00127 1.00148 1.00172 1.00198 1.0022 1.00238 1.00248 1.00249 1.00241 1.00223 1.00198 1.0017 1.00144 1.00127 1.00122 1.00133 1.00164 1.00218 1.00297 1.00404 1.00538 1.007 1.00887 1.01097 1.01329 1.01581 1.01854 1.02152 1.02478 1.02837 1.03234 1.03672 1.04155 1.04684 1.05259 1.0588 1.06544 1.07249 1.08008 1.08893 1.10312 1.12315 1.13429 1.13751 1.12905 1.16915 1.24288 1.36106 1.50686 1.18839 1.02694 1.00345 1.00012 1.00001 1 1 1 1 1 1 1 1 1 1 1 1 1 1 1 1 1 1 1.04771 1.20513 
1.68514 1.20513 1.04771 1 1 1 1 1 1 1 1 1 1 1 1 1 1 1 1 1 1 1 1 1 1 1 1.00001 1.00009 1.00101 1.00007 1.11787 1.24007 1.23211 1.16439 1.11542 1.17555 1.16617 1.14762 1.11357 1.08866 1.07989 1.07319 1.0663 1.06007 1.05462 1.04954 1.04505 1.04114 1.03762 1.03442 1.03146 1.02868 1.026 1.02338 1.0208 1.01826 1.01578 1.01339 1.01113 1.00905 1.00717 1.00553 1.00415 1.00304 1.00222 1.00166 1.00135 1.00126 1.00135 1.00157 1.00187 1.0022 1.00251 1.00277 1.00294 1.00301 1.00295 1.00277 1.00248 1.00214 1.00178 1.00146 1.00124 1.00115 1.00123 1.00152 1.00205 1.00287 1.004 1.00545 1.00723 1.00933 1.01171 1.01435 1.01723 1.02034 1.02367 1.02726 1.03113 1.03533 1.0399 1.04487 1.05027 1.05611 1.0624 1.06913 1.0763 1.08383 1.09299 1.10963 1.13355 1.14711 1.14636 1.13971 1.20489 1.29526 1.41275 1.44033 1.01128 1.02476 1.00085 1.0003 1.00002 1 1 1 1 1 1 1 1 1 1 1 1 1 1 1 1 1 1 1.04771 1.20513 
1.68514 1.20513 1.04771 1 1 1 1 1 1 1 1 1 1 1 1 1 1 1 1 1 1 1 1 1 1 1 1.00001 1.00012 1.00126 1.00009 1.12906 1.24816 1.23738 1.15813 1.1201 1.1344 1.15585 1.14457 1.11821 1.09662 1.08099 1.07321 1.06649 1.06032 1.05506 1.05014 1.0457 1.04183 1.03839 1.03524 1.03231 1.02952 1.0268 1.02411 1.02143 1.01879 1.01619 1.0137 1.01135 1.00918 1.00724 1.00556 1.00416 1.00307 1.00227 1.00177 1.00153 1.00152 1.0017 1.002 1.00238 1.00278 1.00314 1.00341 1.00357 1.00359 1.00345 1.00318 1.0028 1.00238 1.00195 1.00158 1.00131 1.00118 1.00122 1.00148 1.00201 1.00284 1.00402 1.00556 1.00747 1.00975 1.01237 1.0153 1.01852 1.02199 1.0257 1.02965 1.03385 1.03833 1.04314 1.0483 1.05384 1.05978 1.06614 1.07294 1.08018 1.08781 1.09745 1.11701 1.14613 1.16074 1.1559 1.16511 1.24402 1.36055 1.50357 1.18739 1.02432 1.00336 1.0001 1.00001 1 1 1 1 1 1 1 1 1 1 1 1 1 1 1 1 1 1 1 1.04771 1.20513 
1.68514 1.20513 1.04771 1 1 1 1 1 1 1 1 1 1 1 1 1 1 1 1 1 1 1 1 1 1 1 1.00001 1.00013 1.00139 1.00003 1.13409 1.248 1.2393 1.15469 1.12474 1.11913 1.13354 1.13314 1.11826 1.1014 1.08513 1.07428 1.06664 1.06079 1.05562 1.05082 1.04647 1.04261 1.0392 1.03608 1.03314 1.03033 1.02756 1.0248 1.02204 1.0193 1.01662 1.01404 1.01161 1.00939 1.00741 1.00571 1.00432 1.00324 1.00249 1.00205 1.00188 1.00195 1.00222 1.0026 1.00305 1.00349 1.00388 1.00415 1.00428 1.00424 1.00403 1.00367 1.00322 1.00272 1.00224 1.00182 1.00151 1.00133 1.00133 1.00156 1.00207 1.00291 1.00412 1.00573 1.00775 1.01017 1.01299 1.01617 1.01968 1.02349 1.02756 1.03188 1.03645 1.04128 1.04638 1.05178 1.05751 1.06358 1.07004 1.07691 1.08421 1.09206 1.10253 1.12515 1.16021 1.17601 1.17741 1.22523 1.33192 1.42696 1.43775 1.01016 1.02264 1.00103 1.00026 1.00002 1 1 1 1 1 1 1 1 1 1 1 1 1 1 1 1 1 1 1 1.04771 1.20513 
1.68514 1.20513 1.04771 1 1 1 1 1 1 1 1 1 1 1 1 1 1 1 1 1 1 1 1 1 1 1 1.00001 1.00013 1.00136 1.00003 1.13273 1.24746 1.23788 1.15597 1.12289 1.12107 1.11259 1.12516 1.11563 1.10431 1.08857 1.07653 1.06762 1.06127 1.05633 1.05161 1.04734 1.04354 1.04011 1.03699 1.03403 1.03117 1.02835 1.02552 1.02269 1.01988 1.01712 1.01448 1.01201 1.00975 1.00775 1.00605 1.00467 1.00363 1.00293 1.00254 1.00245 1.0026 1.00294 1.0034 1.00389 1.00437 1.00476 1.00501 1.0051 1.00499 1.00471 1.00428 1.00375 1.0032 1.00267 1.00221 1.00184 1.00162 1.00157 1.00176 1.00225 1.00309 1.00433 1.00599 1.00809 1.01064 1.01361 1.01699 1.02075 1.02486 1.02926 1.03394 1.03888 1.04408 1.04953 1.05525 1.06122 1.06748 1.0741 1.08109 1.08853 1.09656 1.10781 1.13527 1.17731 1.20472 1.24243 1.27191 1.43988 1.48224 1.16609 1.0117 1.00223 1.00009 1.00001 1 1 1 1 1 1 1 1 1 1 1 1 1 1 1 1 1 1 1 1 1.04771 1.20513 
1.68514 1.20513 1.04771 1 1 1 1 1 1 1 1 1 1 1 1 1 1 1 1 1 1 1 1 1 1 1 1.00001 1.00012 1.00124 1.00005 1.12765 1.24432 1.23766 1.15685 1.12245 1.12332 1.10987 1.11537 1.11019 1.10562 1.09258 1.07805 1.06946 1.06255 1.05729 1.05267 1.0484 1.04459 1.0412 1.03804 1.03505 1.03213 1.02925 1.02636 1.02346 1.02059 1.01779 1.01511 1.0126 1.01033 1.00833 1.00664 1.00528 1.00428 1.00362 1.0033 1.00328 1.00351 1.00391 1.00443 1.00496 1.00545 1.00582 1.00603 1.00606 1.00588 1.00552 1.00503 1.00445 1.00385 1.00327 1.00276 1.00235 1.00206 1.00197 1.00212 1.00259 1.00342 1.00468 1.00638 1.00854 1.01118 1.01428 1.01782 1.02179 1.02613 1.03082 1.03583 1.04113 1.04669 1.05251 1.05858 1.06486 1.07141 1.07826 1.0854 1.09323 1.10116 1.11382 1.14189 1.18885 1.25139 1.29219 1.36537 1.48011 1.28903 1.01727 1.00462 1.00054 1.00003 1 1 1 1 1 1 1 1 1 1 1 1 1 1 1 1 1 1 1 1 1 1.04771 1.20513 
1.68514 1.20513 1.04771 1 1 1 1 1 1 1 1 1 1 1 1 1 1 1 1 1 1 1 1 1 1 1 1.00001 1.0001 1.00108 1.00011 1.11908 1.23784 1.23788 1.15647 1.12427 1.1229 1.11463 1.10736 1.10792 1.10256 1.09373 1.08158 1.07062 1.06421 1.0589 1.05408 1.04978 1.04593 1.04251 1.03932 1.03627 1.0333 1.03034 1.02739 1.02444 1.02152 1.01868 1.01597 1.01346 1.01118 1.00919 1.00752 1.00619 1.00523 1.00463 1.00436 1.00441 1.0047 1.00517 1.00572 1.00628 1.00675 1.00709 1.00724 1.00719 1.00694 1.00652 1.00596 1.00534 1.0047 1.00408 1.00352 1.00304 1.0027 1.00255 1.00266 1.0031 1.00393 1.0052 1.00693 1.00915 1.01186 1.01505 1.01872 1.02284 1.02738 1.03231 1.0376 1.04321 1.04912 1.0553 1.06171 1.06836 1.07524 1.08237 1.08999 1.0984 1.10637 1.11731 1.15368 1.25349 1.31934 1.3766 1.44846 1.30065 1.01899 1.01875 1.00099 1.00015 1.00001 1 1 1 1 1 1 1 1 1 1 1 1 1 1 1 1 1 1 1 1 1 1.04771 1.20513 
1.68514 1.20513 1.04771 1 1 1 1 1 1 1 1 1 1 1 1 1 1 1 1 1 1 1 1 1 1 1 1.00001 1.00008 1.00086 1.00027 1.10697 1.22896 1.23993 1.15689 1.12589 1.1238 1.11829 1.10549 1.10348 1.09962 1.09512 1.08454 1.07288 1.06571 1.06058 1.05594 1.05152 1.04767 1.0441 1.04087 1.03777 1.03472 1.03169 1.02868 1.02568 1.02273 1.01986 1.01714 1.01463 1.01236 1.01038 1.00874 1.00745 1.00653 1.00598 1.00577 1.00587 1.00622 1.00674 1.00732 1.00788 1.00833 1.00861 1.00869 1.00855 1.00822 1.00773 1.00713 1.00647 1.0058 1.00513 1.00451 1.00397 1.00356 1.00336 1.00343 1.00384 1.00466 1.00594 1.00769 1.00995 1.01271 1.01598 1.01974 1.02399 1.02868 1.03379 1.03931 1.04518 1.05139 1.0579 1.06465 1.07165 1.07887 1.08648 1.0948 1.10287 1.11015 1.12605 1.19981 1.30688 1.45168 1.49005 1.24387 1.0632 1.02264 1.00047 1.00004 1 1 1 1 1 1 1 1 1 1 1 1 1 1 1 1 1 1 1 1 1 1 1 1.04771 1.20513 
1.68514 1.20513 1.04771 1 1 1 1 1 1 1 1 1 1 1 1 1 1 1 1 1 1 1 1 1 1 1 1 1.00005 1.00063 1.00592 1.09107 1.21246 1.23325 1.15648 1.12675 1.12697 1.11956 1.11078 1.09825 1.10096 1.09523 1.08635 1.07577 1.06777 1.0626 1.05794 1.05368 1.04981 1.04614 1.04275 1.03959 1.03646 1.03337 1.03028 1.02725 1.02426 1.02139 1.01867 1.01616 1.01391 1.01196 1.01035 1.0091 1.00823 1.00772 1.00756 1.00771 1.00811 1.00866 1.00926 1.00981 1.01022 1.01042 1.0104 1.01017 1.00976 1.00921 1.00857 1.00788 1.00717 1.00646 1.00578 1.00517 1.00469 1.00442 1.00445 1.00484 1.00565 1.00693 1.0087 1.01098 1.01379 1.01712 1.02095 1.02528 1.03009 1.03535 1.04103 1.04713 1.05359 1.06035 1.06741 1.07473 1.08231 1.09066 1.09913 1.10857 1.1214 1.1564 1.21209 1.34266 1.56246 1.48971 1.14823 1.08575 1.00663 1.00104 1.00009 1.00001 1 1 1 1 1 1 1 1 1 1 1 1 1 1 1 1 1 1 1 1 1 1 1.04771 1.20513 
1.68514 1.20513 1.04771 1 1 1 1 1 1 1 1 1 1 1 1 1 1 1 1 1 1 1 1 1 1 1 1 1.00004 1.00045 1.01064 1.07555 1.19783 1.26687 1.16525 1.1276 1.13003 1.12221 1.11488 1.09911 1.09886 1.09598 1.09042 1.08052 1.07073 1.06486 1.06032 1.0561 1.05226 1.04863 1.04507 1.04179 1.03859 1.03541 1.03226 1.02918 1.02618 1.0233 1.02059 1.0181 1.01587 1.01396 1.01239 1.01118 1.01035 1.00989 1.00977 1.00996 1.01039 1.01096 1.01157 1.01209 1.01244 1.01255 1.01242 1.01209 1.01159 1.01099 1.01032 1.00961 1.00887 1.00811 1.00735 1.00667 1.00612 1.00579 1.00577 1.00614 1.00694 1.00822 1.01001 1.01231 1.01515 1.01852 1.02241 1.02681 1.0317 1.03705 1.04287 1.04914 1.05577 1.06275 1.07007 1.07756 1.08561 1.09442 1.10516 1.12029 1.13435 1.17423 1.25716 1.34875 1.55471 1.08376 1.21055 1.00071 1.01348 1.00232 1.00012 1.00001 1 1 1 1 1 1 1 1 1 1 1 1 1 1 1 1 1 1 1 1 1 1 1.04771 1.20513 
1.68514 1.20513 1.04771 1 1 1 1 1 1 1 1 1 1 1 1 1 1 1 1 1 1 1 1 1 1 1 1 1.00001 1.00013 1.00255 1.04365 1.17788 1.24835 1.18635 1.13442 1.13238 1.12626 1.11773 1.10384 1.09733 1.09748 1.09264 1.08427 1.07627 1.06829 1.06301 1.05896 1.05506 1.05135 1.04785 1.0444 1.04109 1.03785 1.03465 1.03151 1.0285 1.02562 1.02293 1.02047 1.01828 1.0164 1.01487 1.01371 1.01292 1.0125 1.01242 1.01265 1.0131 1.01368 1.01427 1.01475 1.01503 1.01503 1.01479 1.01434 1.01376 1.01311 1.01242 1.01169 1.01092 1.0101 1.00927 1.00851 1.00789 1.0075 1.00745 1.00778 1.00858 1.00986 1.01165 1.01398 1.01684 1.02024 1.02417 1.02861 1.03355 1.03899 1.04492 1.05128 1.05804 1.06518 1.07255 1.0809 1.09064 1.10041 1.11521 1.12651 1.13779 1.18493 1.28059 1.43976 1.47986 1.09594 1.09853 1.00324 1.00242 1.00025 1.00002 1 1 1 1 1 1 1 1 1 1 1 1 1 1 1 1 1 1 1 1 1 1 1 1.04771 1.20513 
1.68514 1.20513 1.04771 1 1 1 1 1 1 1 1 1 1 1 1 1 1 1 1 1 1 1 1 1 1 1 1 1 1.00001 1.00016 1.00649 1.14689 1.21335 1.19302 1.1468 1.13481 1.13141 1.12343 1.10965 1.09809 1.09683 1.09403 1.0881 1.08076 1.07397 1.06686 1.06205 1.05828 1.05454 1.05095 1.04752 1.04402 1.04069 1.03747 1.03429 1.03126 1.02839 1.02572 1.02329 1.02115 1.01932 1.01783 1.01671 1.01596 1.01558 1.01554 1.01579 1.01626 1.01684 1.01741 1.01783 1.01801 1.0179 1.01752 1.01696 1.0163 1.01561 1.01491 1.01416 1.01335 1.01247 1.01157 1.01073 1.01004 1.0096 1.0095 1.00982 1.0106 1.01188 1.01368 1.01602 1.0189 1.02232 1.02627 1.03073 1.03572 1.04122 1.04721 1.05364 1.06054 1.0678 1.07609 1.0863 1.09549 1.10675 1.11801 1.13148 1.14569 1.18333 1.28702 1.4278 1.58322 1.02558 1.08667 1.00006 1.0021 1.00021 1.00001 1 1 1 1 1 1 1 1 1 1 1 1 1 1 1 1 1 1 1 1 1 1 1 1.04771 1.20513 
1.68514 1.20513 1.04771 1 1 1 1 1 1 1 1 1 1 1 1 1 1 1 1 1 1 1 1 1 1 1 1 1 1.00006 1.00072 1.00318 1.09432 1.1933 1.24923 1.16318 1.13609 1.13706 1.12881 1.11662 1.10291 1.09726 1.09483 1.09256 1.08552 1.07834 1.0728 1.06621 1.06173 1.05814 1.05448 1.05093 1.04749 1.04399 1.04068 1.03753 1.03447 1.03161 1.02897 1.02658 1.02448 1.0227 1.02127 1.0202 1.01949 1.01915 1.01914 1.01941 1.01989 1.02045 1.02098 1.02134 1.02141 1.02117 1.02066 1.01997 1.01924 1.01852 1.01781 1.01705 1.0162 1.01526 1.01428 1.01336 1.0126 1.01211 1.01198 1.01227 1.01304 1.01432 1.01613 1.01849 1.02138 1.0248 1.02876 1.03326 1.0383 1.04384 1.04986 1.05639 1.0635 1.07129 1.08095 1.09 1.09897 1.10876 1.11784 1.13047 1.15049 1.18451 1.28876 1.40752 1.4825 1.02699 1.05721 1.0001 1.001 1.00009 1.00001 1 1 1 1 1 1 1 1 1 1 1 1 1 1 1 1 1 1 1 1 1 1 1 1.04771 1.20513 
1.68514 1.20513 1.04771 1 1 1 1 1 1 1 1 1 1 1 1 1 1 1 1 1 1 1 1 1 1 1 1 1 1.00001 1.00014 1.00254 1.04505 1.17565 1.24416 1.18154 1.1379 1.14159 1.13312 1.12233 1.10887 1.10242 1.0971 1.09409 1.09013 1.08322 1.0775 1.07224 1.0662 1.06191 1.05841 1.05481 1.05127 1.04785 1.0444 1.04118 1.03817 1.03531 1.03269 1.03035 1.02831 1.02658 1.0252 1.02418 1.02352 1.02321 1.02323 1.02351 1.02399 1.02454 1.02502 1.0253 1.02526 1.02488 1.02421 1.02341 1.02261 1.02186 1.02115 1.02037 1.01948 1.01848 1.01742 1.01643 1.01561 1.01507 1.01491 1.01519 1.01595 1.01723 1.01905 1.0214 1.02429 1.02772 1.0317 1.03625 1.0413 1.04685 1.05288 1.05958 1.06706 1.07539 1.08413 1.09348 1.1025 1.10897 1.11699 1.13236 1.14624 1.20099 1.36682 1.44858 1.61239 1.01552 1.05892 1.00028 1.00107 1.0001 1.00001 1 1 1 1 1 1 1 1 1 1 1 1 1 1 1 1 1 1 1 1 1 1 1 1.04771 1.20513 
1.68514 1.20513 1.04771 1 1 1 1 1 1 1 1 1 1 1 1 1 1 1 1 1 1 1 1 1 1 1 1 1 1 1.00001 1.00015 1.00692 1.13435 1.21146 1.21527 1.15155 1.14143 1.14025 1.13358 1.11713 1.10547 1.1036 1.0969 1.09323 1.08866 1.08249 1.07728 1.07245 1.06699 1.06269 1.05904 1.05549 1.05202 1.04872 1.04542 1.04234 1.03952 1.03694 1.03462 1.03262 1.03095 1.02963 1.02866 1.02804 1.02777 1.02782 1.02812 1.02859 1.0291 1.02953 1.02971 1.02955 1.02902 1.0282 1.02729 1.02642 1.02566 1.02494 1.02416 1.02323 1.02216 1.02104 1.01998 1.0191 1.01852 1.01832 1.01858 1.01934 1.02062 1.02242 1.02476 1.02766 1.03111 1.03512 1.03964 1.04468 1.05025 1.05635 1.06335 1.07104 1.07895 1.08722 1.09543 1.10343 1.11035 1.12092 1.13665 1.15892 1.21999 1.3484 1.47084 1.44608 1.01804 1.03616 1.00009 1.00041 1.00003 1 1 1 1 1 1 1 1 1 1 1 1 1 1 1 1 1 1 1 1 1 1 1 1 1.04771 1.20513 
1.68514 1.20513 1.04771 1 1 1 1 1 1 1 1 1 1 1 1 1 1 1 1 1 1 1 1 1 1 1 1 1 1 1.00003 1.00032 1.00066 1.06469 1.18529 1.25277 1.20751 1.15245 1.14869 1.14168 1.12714 1.11059 1.10729 1.10436 1.09765 1.0928 1.08763 1.08268 1.0779 1.07304 1.06842 1.06412 1.06023 1.05661 1.05331 1.05015 1.04712 1.04424 1.04165 1.03941 1.03743 1.0358 1.03455 1.03363 1.03306 1.03284 1.03291 1.03322 1.03368 1.03416 1.03452 1.03461 1.0343 1.03361 1.03264 1.03161 1.03069 1.02993 1.02923 1.02843 1.02747 1.02634 1.02514 1.02401 1.02307 1.02244 1.02223 1.02248 1.02322 1.02448 1.02628 1.02864 1.03154 1.035 1.03901 1.04356 1.04862 1.05423 1.06051 1.06753 1.07487 1.08249 1.08993 1.09726 1.10517 1.11471 1.12667 1.14106 1.18251 1.27169 1.36178 1.51499 1.25754 1.05203 1.00939 1.00044 1.00004 1 1 1 1 1 1 1 1 1 1 1 1 1 1 1 1 1 1 1 1 1 1 1 1 1 1.04771 1.20513 
1.68514 1.20513 1.04771 1 1 1 1 1 1 1 1 1 1 1 1 1 1 1 1 1 1 1 1 1 1 1 1 1 1 1 1.00001 1.00005 1.00818 1.12585 1.2331 1.20692 1.18091 1.15774 1.14897 1.13914 1.12168 1.11046 1.10944 1.10523 1.09821 1.09253 1.08721 1.08333 1.0786 1.07437 1.06997 1.06593 1.06203 1.05836 1.05513 1.05222 1.04956 1.047 1.04478 1.04285 1.0412 1.03994 1.03907 1.03857 1.03839 1.03848 1.03881 1.03925 1.0397 1.03998 1.03996 1.03952 1.03866 1.03753 1.03638 1.03542 1.03467 1.03401 1.03322 1.03219 1.031 1.02972 1.0285 1.02752 1.02689 1.02666 1.02687 1.02761 1.02886 1.03069 1.03307 1.03599 1.03945 1.04346 1.04797 1.05315 1.05881 1.06502 1.07178 1.07875 1.086 1.09286 1.10092 1.10986 1.11943 1.13399 1.15132 1.21396 1.31314 1.42184 1.50511 1.0275 1.06147 1.00051 1.00106 1.0001 1.00001 1 1 1 1 1 1 1 1 1 1 1 1 1 1 1 1 1 1 1 1 1 1 1 1 1.04771 1.20513 
1.68514 1.20513 1.04771 1 1 1 1 1 1 1 1 1 1 1 1 1 1 1 1 1 1 1 1 1 1 1 1 1 1 1 1.00001 1.00006 1.00027 1.03467 1.1675 1.2272 1.21106 1.1766 1.15921 1.15171 1.13613 1.11601 1.11459 1.11213 1.10678 1.09921 1.09149 1.08788 1.08397 1.08018 1.07587 1.07183 1.06793 1.0643 1.06101 1.05794 1.05524 1.05284 1.05067 1.04892 1.04734 1.04612 1.04515 1.04454 1.04436 1.04449 1.04485 1.0453 1.04571 1.04592 1.04577 1.04517 1.04413 1.04287 1.04168 1.0407 1.03995 1.03927 1.03847 1.0374 1.03611 1.0348 1.0336 1.03258 1.03187 1.03161 1.03184 1.03258 1.03386 1.03569 1.03803 1.04094 1.04443 1.04846 1.05301 1.05812 1.06373 1.06975 1.0762 1.08276 1.0898 1.09733 1.10578 1.1149 1.12755 1.13757 1.17773 1.26059 1.36875 1.54016 1.28862 1.06268 1.01554 1.00087 1.00004 1 1 1 1 1 1 1 1 1 1 1 1 1 1 1 1 1 1 1 1 1 1 1 1 1 1 1.04771 1.20513 
1.68514 1.20513 1.04771 1 1 1 1 1 1 1 1 1 1 1 1 1 1 1 1 1 1 1 1 1 1 1 1 1 1 1 1 1.00005 1.00057 1.00096 1.08101 1.2125 1.25501 1.2167 1.17278 1.16163 1.15046 1.12917 1.11684 1.11818 1.11387 1.10788 1.09936 1.09225 1.0885 1.08522 1.08157 1.07795 1.07403 1.07039 1.0673 1.0642 1.06153 1.05908 1.05712 1.05557 1.05423 1.05302 1.05225 1.05169 1.05149 1.05152 1.05163 1.05192 1.05229 1.05239 1.0521 1.05131 1.05012 1.04873 1.04736 1.04637 1.04565 1.04496 1.04417 1.04317 1.04188 1.04048 1.03916 1.03816 1.03747 1.03719 1.0374 1.03807 1.03935 1.04118 1.04354 1.04644 1.04986 1.05388 1.05842 1.06335 1.0688 1.07459 1.08073 1.0874 1.0948 1.10264 1.11134 1.12274 1.13316 1.14785 1.21011 1.30432 1.42999 1.52893 1.03138 1.06839 1.00053 1.00132 1.00012 1.00001 1 1 1 1 1 1 1 1 1 1 1 1 1 1 1 1 1 1 1 1 1 1 1 1 1 1.04771 1.20513 
1.68514 1.20513 1.04771 1 1 1 1 1 1 1 1 1 1 1 1 1 1 1 1 1 1 1 1 1 1 1 1 1 1 1 1 1 1.00001 1.00003 1.01094 1.12999 1.24327 1.21579 1.23105 1.18493 1.17035 1.15583 1.12576 1.12324 1.12223 1.11747 1.11059 1.10073 1.0948 1.09028 1.08656 1.0835 1.08024 1.07682 1.07345 1.07055 1.06809 1.06587 1.06391 1.06245 1.06129 1.06037 1.05986 1.05969 1.05953 1.05942 1.05976 1.05987 1.06005 1.06014 1.05974 1.05881 1.05743 1.05578 1.05431 1.05318 1.05239 1.05172 1.05091 1.04968 1.04836 1.04688 1.04544 1.04432 1.04359 1.04328 1.04342 1.0441 1.04535 1.04718 1.04948 1.05235 1.05572 1.05967 1.06406 1.06885 1.07418 1.07984 1.08618 1.09319 1.10052 1.1087 1.11905 1.12903 1.1376 1.17266 1.2475 1.36538 1.5518 1.29961 1.06075 1.01711 1.00084 1.00004 1 1 1 1 1 1 1 1 1 1 1 1 1 1 1 1 1 1 1 1 1 1 1 1 1 1 1 1.04771 1.20513 
1.68514 1.20513 1.04771 1 1 1 1 1 1 1 1 1 1 1 1 1 1 1 1 1 1 1 1 1 1 1 1 1 1 1 1 1 1 1.00003 1.00011 1.0327 1.16327 1.23856 1.24071 1.25102 1.20037 1.16634 1.14894 1.12741 1.12844 1.12648 1.11971 1.11329 1.10335 1.09766 1.09338 1.08906 1.08588 1.08279 1.07996 1.0773 1.07464 1.07223 1.07039 1.06896 1.06795 1.0674 1.06704 1.06695 1.06696 1.06731 1.06789 1.06844 1.0687 1.06883 1.0684 1.06736 1.06575 1.06393 1.06235 1.06117 1.06025 1.05941 1.0583 1.05689 1.05527 1.05368 1.05221 1.05096 1.05009 1.04975 1.04993 1.05059 1.05182 1.05355 1.05577 1.05857 1.06198 1.06587 1.07017 1.07488 1.08014 1.08611 1.09261 1.09939 1.10702 1.11649 1.12563 1.13488 1.15422 1.23443 1.3331 1.45677 1.58418 1.0353 1.06516 1.00062 1.00121 1.00011 1.00001 1 1 1 1 1 1 1 1 1 1 1 1 1 1 1 1 1 1 1 1 1 1 1 1 1 1 1.04771 1.20513 
1.68514 1.20513 1.04771 1 1 1 1 1 1 1 1 1 1 1 1 1 1 1 1 1 1 1 1 1 1 1 1 1 1 1 1 1 1 1.00001 1.00013 1.00121 1.03477 1.17853 1.23392 1.27699 1.25396 1.19371 1.17293 1.14195 1.13056 1.1342 1.13052 1.12402 1.11728 1.10638 1.1007 1.09697 1.09296 1.08941 1.08614 1.0837 1.0816 1.07948 1.07751 1.07589 1.07452 1.07375 1.07365 1.07381 1.07413 1.07468 1.07518 1.07589 1.07636 1.07637 1.07586 1.07469 1.07295 1.07097 1.06922 1.06809 1.06736 1.06649 1.06527 1.06385 1.06222 1.06049 1.05887 1.05763 1.0569 1.05657 1.0567 1.05734 1.05855 1.06034 1.06266 1.06545 1.06872 1.07247 1.07672 1.08163 1.08707 1.09299 1.09943 1.1067 1.11518 1.12339 1.13221 1.14493 1.19073 1.24765 1.44739 1.56889 1.26413 1.03987 1.01533 1.00013 1.00003 1 1 1 1 1 1 1 1 1 1 1 1 1 1 1 1 1 1 1 1 1 1 1 1 1 1 1 1 1.04771 1.20513 
1.68514 1.20513 1.04771 1 1 1 1 1 1 1 1 1 1 1 1 1 1 1 1 1 1 1 1 1 1 1 1 1 1 1 1 1 1 1 1.00002 1.00046 1.00063 1.03559 1.18616 1.21561 1.29212 1.27543 1.21262 1.17875 1.13581 1.13366 1.13905 1.13548 1.12865 1.12181 1.10997 1.10414 1.10076 1.09743 1.09436 1.09141 1.08881 1.08658 1.08477 1.08332 1.08223 1.08135 1.08067 1.08028 1.08014 1.08076 1.08205 1.08295 1.08313 1.08297 1.0822 1.08075 1.07878 1.07688 1.07544 1.07453 1.07393 1.07334 1.07215 1.07053 1.06895 1.0675 1.06613 1.06494 1.06406 1.06372 1.06395 1.0647 1.06596 1.06767 1.06983 1.07254 1.07592 1.0798 1.08417 1.089 1.09438 1.10048 1.10747 1.11483 1.12262 1.13097 1.13709 1.16936 1.24155 1.32928 1.45158 1.47742 1.07235 1.02991 1.00102 1.00025 1.00002 1 1 1 1 1 1 1 1 1 1 1 1 1 1 1 1 1 1 1 1 1 1 1 1 1 1 1 1 1.04771 1.20513 
1.68514 1.20513 1.04771 1 1 1 1 1 1 1 1 1 1 1 1 1 1 1 1 1 1 1 1 1 1 1 1 1 1 1 1 1 1 1 1 1.00006 1.00052 1.00032 1.03962 1.17005 1.24379 1.31416 1.30736 1.21653 1.18547 1.13776 1.13624 1.14391 1.14113 1.13357 1.12856 1.11719 1.10976 1.10533 1.10241 1.09973 1.09737 1.09533 1.09355 1.09205 1.09092 1.09021 1.08985 1.08975 1.08988 1.08994 1.08988 1.08983 1.08968 1.0891 1.08797 1.08615 1.084 1.08196 1.08055 1.07998 1.0798 1.07947 1.07885 1.07782 1.07648 1.07491 1.07349 1.0724 1.07171 1.07145 1.07166 1.07238 1.07364 1.07544 1.07778 1.08061 1.08388 1.08764 1.09202 1.09713 1.10266 1.10916 1.11552 1.12247 1.13017 1.13642 1.15179 1.23058 1.33787 1.45924 1.57489 1.0457 1.08427 1.00002 1.0016 1.00015 1.00001 1 1 1 1 1 1 1 1 1 1 1 1 1 1 1 1 1 1 1 1 1 1 1 1 1 1 1 1 1.04771 1.20513 
1.68514 1.20513 1.04771 1 1 1 1 1 1 1 1 1 1 1 1 1 1 1 1 1 1 1 1 1 1 1 1 1 1 1 1 1 1 1 1 1.00001 1.00006 1.00057 1.00028 1.03722 1.13886 1.3027 1.36717 1.31127 1.24045 1.21357 1.15275 1.14438 1.1486 1.14959 1.14478 1.13561 1.12708 1.11629 1.11048 1.10828 1.10604 1.10402 1.10233 1.101 1.09991 1.09915 1.09873 1.09862 1.09873 1.09911 1.09969 1.10002 1.09987 1.099 1.09765 1.09577 1.09353 1.09141 1.09014 1.08958 1.08933 1.08907 1.08833 1.087 1.08524 1.08363 1.08219 1.08103 1.08027 1.08001 1.08023 1.08097 1.08223 1.08397 1.08619 1.08898 1.09237 1.09637 1.10104 1.10587 1.11168 1.11769 1.12394 1.13002 1.13484 1.15052 1.21218 1.27637 1.46325 1.58003 1.25114 1.06462 1.01333 1.00029 1.00001 1 1 1 1 1 1 1 1 1 1 1 1 1 1 1 1 1 1 1 1 1 1 1 1 1 1 1 1 1 1 1.04771 1.20513 
1.68514 1.20513 1.04771 1 1 1 1 1 1 1 1 1 1 1 1 1 1 1 1 1 1 1 1 1 1 1 1 1 1 1 1 1 1 1 1 1 1.00001 1.00007 1.0006 1.00052 1.03522 1.08445 1.26424 1.35422 1.37189 1.29772 1.22772 1.17708 1.15444 1.15314 1.15521 1.14994 1.14281 1.13992 1.12575 1.11815 1.11446 1.11289 1.11162 1.11058 1.10961 1.10885 1.10836 1.10833 1.10857 1.10905 1.10951 1.10968 1.10969 1.10934 1.10739 1.10447 1.10156 1.09942 1.0982 1.09826 1.09901 1.09897 1.09779 1.09632 1.09456 1.09266 1.09118 1.09005 1.08936 1.08909 1.08936 1.09011 1.09129 1.093 1.09532 1.09834 1.10169 1.10588 1.11033 1.11491 1.12016 1.12597 1.13122 1.14091 1.16655 1.23193 1.27613 1.39177 1.49912 1.41128 1.04574 1.01255 1.00031 1.00012 1.00001 1 1 1 1 1 1 1 1 1 1 1 1 1 1 1 1 1 1 1 1 1 1 1 1 1 1 1 1 1 1 1.04771 1.20513 
1.68514 1.20513 1.04771 1 1 1 1 1 1 1 1 1 1 1 1 1 1 1 1 1 1 1 1 1 1 1 1 1 1 1 1 1 1 1 1 1 1 1 1.00003 1.00022 1.00042 1.01616 1.04283 1.2361 1.39137 1.37842 1.30195 1.24233 1.21893 1.16736 1.16164 1.16129 1.16453 1.16045 1.14929 1.14178 1.13449 1.12824 1.12269 1.11939 1.11878 1.11849 1.11855 1.11842 1.11846 1.11898 1.11967 1.12044 1.12128 1.12094 1.11928 1.11693 1.11333 1.1121 1.11227 1.11157 1.11066 1.11023 1.10836 1.10619 1.10452 1.1026 1.10098 1.09996 1.09929 1.09903 1.09922 1.09993 1.10113 1.10287 1.10533 1.10808 1.11129 1.11503 1.11937 1.12405 1.12845 1.13165 1.14854 1.18776 1.24372 1.33694 1.46373 1.49886 1.42757 1.04962 1.03952 1.00019 1.00025 1.00002 1 1 1 1 1 1 1 1 1 1 1 1 1 1 1 1 1 1 1 1 1 1 1 1 1 1 1 1 1 1 1 1.04771 1.20513 
1.68514 1.20513 1.04771 1 1 1 1 1 1 1 1 1 1 1 1 1 1 1 1 1 1 1 1 1 1 1 1 1 1 1 1 1 1 1 1 1 1 1 1 1.00001 1.0001 1.00094 1.0012 1.00867 1.13833 1.34421 1.38907 1.38094 1.31984 1.24291 1.19118 1.18093 1.17737 1.17102 1.16956 1.17507 1.17157 1.15354 1.1526 1.14308 1.14048 1.13806 1.13176 1.12883 1.12935 1.12955 1.12983 1.1299 1.13417 1.14147 1.14366 1.14248 1.14791 1.13807 1.13415 1.12862 1.12309 1.12052 1.11926 1.11648 1.11434 1.11263 1.1112 1.11002 1.10935 1.10921 1.10936 1.10992 1.11113 1.11279 1.11506 1.11781 1.12099 1.1245 1.12778 1.13062 1.13918 1.16506 1.23086 1.25018 1.32788 1.46015 1.57934 1.41103 1.0496 1.06706 1.00101 1.00039 1.00005 1 1 1 1 1 1 1 1 1 1 1 1 1 1 1 1 1 1 1 1 1 1 1 1 1 1 1 1 1 1 1 1 1.04771 1.20513 
1.68514 1.20513 1.04771 1 1 1 1 1 1 1 1 1 1 1 1 1 1 1 1 1 1 1 1 1 1 1 1 1 1 1 1 1 1 1 1 1 1 1 1 1 1.00001 1.00004 1.0001 1.0003 1.00556 1.02109 1.22414 1.39894 1.38832 1.34822 1.29525 1.2399 1.20953 1.2145 1.20464 1.19737 1.18158 1.18378 1.19291 1.19986 1.18489 1.17272 1.17137 1.159 1.1555 1.15757 1.15646 1.16398 1.18299 1.19054 1.20478 1.225 1.21086 1.18658 1.17353 1.1609 1.14309 1.13336 1.12941 1.12772 1.12643 1.12427 1.12259 1.12134 1.12035 1.11963 1.11989 1.12055 1.12139 1.12285 1.12497 1.12705 1.12883 1.13093 1.13943 1.16604 1.20204 1.24311 1.33738 1.44612 1.45232 1.57254 1.25103 1.04531 1.03961 1.00099 1.00014 1 1 1 1 1 1 1 1 1 1 1 1 1 1 1 1 1 1 1 1 1 1 1 1 1 1 1 1 1 1 1 1 1 1 1.04771 1.20513 
1.68514 1.20513 1.04771 1 1 1 1 1 1 1 1 1 1 1 1 1 1 1 1 1 1 1 1 1 1 1 1 1 1 1 1 1 1 1 1 1 1 1 1 1 1 1 1.00001 1.00005 1.00081 1.01018 1.00959 1.10327 1.31751 1.40747 1.37601 1.34349 1.32703 1.27695 1.21837 1.24103 1.23218 1.2324 1.24089 1.23728 1.2081 1.21108 1.22939 1.24396 1.23133 1.23578 1.23479 1.27086 1.28545 1.27258 1.28444 1.3462 1.28692 1.27899 1.26499 1.22395 1.19892 1.1844 1.16357 1.14811 1.13913 1.13578 1.13245 1.1308 1.12945 1.12842 1.12808 1.12864 1.12956 1.13118 1.13244 1.1402 1.15518 1.17682 1.19989 1.24695 1.30016 1.36823 1.45324 1.56942 1.47077 1.04461 1.06294 1.01262 1.00019 1.00039 1 1 1 1 1 1 1 1 1 1 1 1 1 1 1 1 1 1 1 1 1 1 1 1 1 1 1 1 1 1 1 1 1 1 1 1.04771 1.20513 
1.68514 1.20513 1.04771 1 1 1 1 1 1 1 1 1 1 1 1 1 1 1 1 1 1 1 1 1 1 1 1 1 1 1 1 1 1 1 1 1 1 1 1 1 1 1 1 1 1.00007 1.0012 1.00287 1.00505 1.00278 1.09685 1.29407 1.39077 1.42531 1.34886 1.29832 1.3121 1.29031 1.26903 1.30279 1.28763 1.29699 1.27929 1.28449 1.31221 1.327 1.36879 1.37407 1.43025 1.46602 1.43636 1.44743 1.5383 1.42025 1.4043 1.37989 1.33705 1.32241 1.30455 1.2192 1.21111 1.1833 1.17079 1.16919 1.16639 1.16441 1.16341 1.16332 1.16378 1.16496 1.16457 1.17636 1.20325 1.20848 1.29892 1.33651 1.36046 1.4392 1.54923 1.57976 1.25759 1.07162 1.08226 1.01305 1.00035 1.00025 1.00005 1 1 1 1 1 1 1 1 1 1 1 1 1 1 1 1 1 1 1 1 1 1 1 1 1 1 1 1 1 1 1 1 1 1 1 1.04771 1.20513 
1.68514 1.20513 1.04771 1 1 1 1 1 1 1 1 1 1 1 1 1 1 1 1 1 1 1 1 1 1 1 1 1 1 1 1 1 1 1 1 1 1 1 1 1 1 1 1 1 1 1.00007 1.0003 1.00026 1.00861 1.01067 1.00215 1.09847 1.23861 1.34846 1.39061 1.42843 1.38878 1.33652 1.27726 1.25729 1.25346 1.29632 1.39909 1.47684 1.45935 1.49306 1.6019 1.70329 1.615 1.41539 1.28437 1.32845 1.32704 1.39645 1.53593 1.50304 1.50789 1.38228 1.33101 1.34767 1.3352 1.27173 1.27346 1.2706 1.26951 1.26785 1.26758 1.2681 1.27068 1.26689 1.32406 1.3364 1.31577 1.36794 1.51133 1.54004 1.52357 1.29227 1.03018 1.03984 1.02833 1.00003 1.00026 1.00012 1.00002 1 1 1 1 1 1 1 1 1 1 1 1 1 1 1 1 1 1 1 1 1 1 1 1 1 1 1 1 1 1 1 1 1 1 1 1 1.04771 1.20513 
1.68514 1.20513 1.04771 1 1 1 1 1 1 1 1 1 1 1 1 1 1 1 1 1 1 1 1 1 1 1 1 1 1 1 1 1 1 1 1 1 1 1 1 1 1 1 1 1 1 1.00001 1.00002 1.00002 1.00133 1.00038 1.00811 1.00743 1.00223 1.00092 1.0815 1.22674 1.30024 1.33271 1.4256 1.42392 1.39996 1.31678 1.29152 1.27257 1.25115 1.18201 1.17499 1.17566 1.17845 1.18825 1.19036 1.20326 1.2129 1.21087 1.20205 1.31404 1.48264 1.5842 1.50219 1.49467 1.42795 1.38048 1.38978 1.38934 1.39041 1.39082 1.39149 1.39122 1.3924 1.38472 1.43234 1.50332 1.50679 1.58209 1.45249 1.29207 1.0265 1.06271 1.06354 1.01466 1.00099 1.00155 1.00001 1.00001 1 1 1 1 1 1 1 1 1 1 1 1 1 1 1 1 1 1 1 1 1 1 1 1 1 1 1 1 1 1 1 1 1 1 1 1 1 1.04771 1.20513 
1.68514 1.20513 1.04771 1 1 1 1 1 1 1 1 1 1 1 1 1 1 1 1 1 1 1 1 1 1 1 1 1 1 1 1 1 1 1 1 1 1 1 1 1 1 1 1 1 1 1 1 1 1.00007 1.00003 1.00116 1.00046 1.00369 1.01299 1.00715 1.00117 1.00166 1.00249 1.00037 1.04754 1.1571 1.22944 1.27392 1.252 1.12148 1.01826 1.04513 1.06703 1.0493 1.01732 1.00121 1.00019 1.00003 1.00084 1.04457 1.03804 1.02537 1.02316 1.23469 1.46383 1.58877 1.53556 1.54804 1.55158 1.55908 1.56018 1.55811 1.55186 1.55083 1.53851 1.58651 1.45774 1.22776 1.02248 1.02375 1.05645 1.06953 1.01646 1.00056 1.00013 1.00023 1.00015 1 1 1 1 1 1 1 1 1 1 1 1 1 1 1 1 1 1 1 1 1 1 1 1 1 1 1 1 1 1 1 1 1 1 1 1 1 1 1 1.04771 1.20513 
1.68514 1.20513 1.04771 1 1 1 1 1 1 1 1 1 1 1 1 1 1 1 1 1 1 1 1 1 1 1 1 1 1 1 1 1 1 1 1 1 1 1 1 1 1 1 1 1 1 1 1 1 1.00001 1 1.00007 1.00003 1.00042 1.00235 1.00035 1.00288 1.00775 1.01277 1.02439 1.01655 1.00338 1.00166 1 1.00027 1.00112 1.00342 1.00383 1.00043 1.00007 1.00224 1.0047 1.00467 1.00468 1.00305 1.00051 1.01154 1.04516 1.09456 1.05879 1.01708 1.01985 1.00428 1.00453 1.00382 1.00342 1.00332 1.00349 1.00382 1.00459 1.00446 1.02098 1.01836 1.06188 1.09897 1.04809 1.01298 1.00066 1.00085 1.00118 1.00003 1.00002 1.00001 1 1 1 1 1 1 1 1 1 1 1 1 1 1 1 1 1 1 1 1 1 1 1 1 1 1 1 1 1 1 1 1 1 1 1 1 1 1 1 1.04771 1.20513 
1.68514 1.20513 1.04771 1 1 1 1 1 1 1 1 1 1 1 1 1 1 1 1 1 1 1 1 1 1 1 1 1 1 1 1 1 1 1 1 1 1 1 1 1 1 1 1 1 1 1 1 1 1 1 1.00001 1 1.00003 1.00012 1.00002 1.00031 1.0011 1.00226 1.00675 1.00241 1.00042 1.00437 1.00836 1.00709 1.00185 1.00017 1.00064 1.00133 1.00064 1.00013 1.00057 1.00056 1.00056 1.00033 1.00058 1.00015 1.00007 1.00058 1.0122 1.04421 1.07595 1.08594 1.0976 1.10654 1.11218 1.11365 1.11148 1.10585 1.09723 1.08492 1.07372 1.04182 1.01083 1.00052 1.0001 1.00067 1.0013 1.00004 1.00011 1 1 1 1 1 1 1 1 1 1 1 1 1 1 1 1 1 1 1 1 1 1 1 1 1 1 1 1 1 1 1 1 1 1 1 1 1 1 1 1 1 1 1.04771 1.20513 
1.68514 1.20513 1.04771 1 1 1 1 1 1 1 1 1 1 1 1 1 1 1 1 1 1 1 1 1 1 1 1 1 1 1 1 1 1 1 1 1 1 1 1 1 1 1 1 1 1 1 1 1 1 1 1 1 1 1.00001 1 1.00002 1.00006 1.00012 1.00028 1.00012 1.00003 1.00052 1.00122 1.00098 1.00018 1.00001 1.00006 1.00012 1.00006 1.00001 1.00003 1.00003 1.00003 1.00002 1.00005 1.00003 1.0005 1.00239 1.00071 1 1.00025 1.00003 1.00004 1.00002 1.00001 1.00002 1.00001 1.00002 1.00004 1.00003 1.00027 1 1.0008 1.00259 1.00057 1.00005 1.00012 1 1.00001 1 1 1 1 1 1 1 1 1 1 1 1 1 1 1 1 1 1 1 1 1 1 1 1 1 1 1 1 1 1 1 1 1 1 1 1 1 1 1 1 1 1 1.04771 1.20513 
1.68514 1.20513 1.04771 1 1 1 1 1 1 1 1 1 1 1 1 1 1 1 1 1 1 1 1 1 1 1 1 1 1 1 1 1 1 1 1 1 1 1 1 1 1 1 1 1 1 1 1 1 1 1 1 1 1 1 1 1 1 1.00001 1.00002 1.00001 1 1.00003 1.00007 1.00006 1.00001 1 1 1.00001 1 1 1 1 1 1 1 1 1.00004 1.00025 1.00005 1.00053 1.00162 1.00204 1.00257 1.00304 1.00336 1.00345 1.00332 1.00301 1.00255 1.00199 1.00154 1.00048 1.00005 1.00027 1.00005 1 1.00001 1 1 1 1 1 1 1 1 1 1 1 1 1 1 1 1 1 1 1 1 1 1 1 1 1 1 1 1 1 1 1 1 1 1 1 1 1 1 1 1 1 1 1 1 1.04771 1.20513 
1.68514 1.20513 1.04771 1 1 1 1 1 1 1 1 1 1 1 1 1 1 1 1 1 1 1 1 1 1 1 1 1 1 1 1 1 1 1 1 1 1 1 1 1 1 1 1 1 1 1 1 1 1 1 1 1 1 1 1 1 1 1 1 1 1 1 1.00001 1 1 1 1 1 1 1 1 1 1 1 1 1 1 1.00002 1 1.00005 1.00016 1.0002 1.00027 1.00033 1.00037 1.00038 1.00037 1.00032 1.00027 1.0002 1.00015 1.00004 1 1.00002 1 1 1 1 1 1 1 1 1 1 1 1 1 1 1 1 1 1 1 1 1 1 1 1 1 1 1 1 1 1 1 1 1 1 1 1 1 1 1 1 1 1 1 1 1 1 1 1.04771 1.20513 
1.68514 1.20513 1.04771 1 1 1 1 1 1 1 1 1 1 1 1 1 1 1 1 1 1 1 1 1 1 1 1 1 1 1 1 1 1 1 1 1 1 1 1 1 1 1 1 1 1 1 1 1 1 1 1 1 1 1 1 1 1 1 1 1 1 1 1 1 1 1 1 1 1 1 1 1 1 1 1 1 1 1 1 1 1.00001 1.00001 1.00002 1.00002 1.00002 1.00002 1.00002 1.00002 1.00002 1.00001 1.00001 1 1 1 1 1 1 1 1 1 1 1 1 1 1 1 1 1 1 1 1 1 1 1 1 1 1 1 1 1 1 1 1 1 1 1 1 1 1 1 1 1 1 1 1 1 1 1 1 1 1 1.04771 1.20513 
1.68514 1.20513 1.04771 1 1 1 1 1 1 1 1 1 1 1 1 1 1 1 1 1 1 1 1 1 1 1 1 1 1 1 1 1 1 1 1 1 1 1 1 1 1 1 1 1 1 1 1 1 1 1 1 1 1 1 1 1 1 1 1 1 1 1 1 1 1 1 1 1 1 1 1 1 1 1 1 1 1 1 1 1 1 1 1 1 1 1 1 1 1 1 1 1 1 1 1 1 1 1 1 1 1 1 1 1 1 1 1 1 1 1 1 1 1 1 1 1 1 1 1 1 1 1 1 1 1 1 1 1 1 1 1 1 1 1 1 1 1 1 1 1 1 1.04771 1.20513 
1.68514 1.20513 1.04771 1 1 1 1 1 1 1 1 1 1 1 1 1 1 1 1 1 1 1 1 1 1 1 1 1 1 1 1 1 1 1 1 1 1 1 1 1 1 1 1 1 1 1 1 1 1 1 1 1 1 1 1 1 1 1 1 1 1 1 1 1 1 1 1 1 1 1 1 1 1 1 1 1 1 1 1 1 1 1 1 1 1 1 1 1 1 1 1 1 1 1 1 1 1 1 1 1 1 1 1 1 1 1 1 1 1 1 1 1 1 1 1 1 1 1 1 1 1 1 1 1 1 1 1 1 1 1 1 1 1 1 1 1 1 1 1 1 1 1.04771 1.20513 
1.68514 1.20513 1.04771 1 1 1 1 1 1 1 1 1 1 1 1 1 1 1 1 1 1 1 1 1 1 1 1 1 1 1 1 1 1 1 1 1 1 1 1 1 1 1 1 1 1 1 1 1 1 1 1 1 1 1 1 1 1 1 1 1 1 1 1 1 1 1 1 1 1 1 1 1 1 1 1 1 1 1 1 1 1 1 1 1 1 1 1 1 1 1 1 1 1 1 1 1 1 1 1 1 1 1 1 1 1 1 1 1 1 1 1 1 1 1 1 1 1 1 1 1 1 1 1 1 1 1 1 1 1 1 1 1 1 1 1 1 1 1 1 1 1 1.04771 1.20513 
1.68514 1.20513 1.04771 1 1 1 1 1 1 1 1 1 1 1 1 1 1 1 1 1 1 1 1 1 1 1 1 1 1 1 1 1 1 1 1 1 1 1 1 1 1 1 1 1 1 1 1 1 1 1 1 1 1 1 1 1 1 1 1 1 1 1 1 1 1 1 1 1 1 1 1 1 1 1 1 1 1 1 1 1 1 1 1 1 1 1 1 1 1 1 1 1 1 1 1 1 1 1 1 1 1 1 1 1 1 1 1 1 1 1 1 1 1 1 1 1 1 1 1 1 1 1 1 1 1 1 1 1 1 1 1 1 1 1 1 1 1 1 1 1 1 1.04771 1.20513 
1.68514 1.20513 1.04771 1 1 1 1 1 1 1 1 1 1 1 1 1 1 1 1 1 1 1 1 1 1 1 1 1 1 1 1 1 1 1 1 1 1 1 1 1 1 1 1 1 1 1 1 1 1 1 1 1 1 1 1 1 1 1 1 1 1 1 1 1 1 1 1 1 1 1 1 1 1 1 1 1 1 1 1 1 1 1 1 1 1 1 1 1 1 1 1 1 1 1 1 1 1 1 1 1 1 1 1 1 1 1 1 1 1 1 1 1 1 1 1 1 1 1 1 1 1 1 1 1 1 1 1 1 1 1 1 1 1 1 1 1 1 1 1 1 1 1.04771 1.20513 
1.68514 1.20513 1.04771 1 1 1 1 1 1 1 1 1 1 1 1 1 1 1 1 1 1 1 1 1 1 1 1 1 1 1 1 1 1 1 1 1 1 1 1 1 1 1 1 1 1 1 1 1 1 1 1 1 1 1 1 1 1 1 1 1 1 1 1 1 1 1 1 1 1 1 1 1 1 1 1 1 1 1 1 1 1 1 1 1 1 1 1 1 1 1 1 1 1 1 1 1 1 1 1 1 1 1 1 1 1 1 1 1 1 1 1 1 1 1 1 1 1 1 1 1 1 1 1 1 1 1 1 1 1 1 1 1 1 1 1 1 1 1 1 1 1 1.04771 1.20513 
1.68514 1.20513 1.04771 1 1 1 1 1 1 1 1 1 1 1 1 1 1 1 1 1 1 1 1 1 1 1 1 1 1 1 1 1 1 1 1 1 1 1 1 1 1 1 1 1 1 1 1 1 1 1 1 1 1 1 1 1 1 1 1 1 1 1 1 1 1 1 1 1 1 1 1 1 1 1 1 1 1 1 1 1 1 1 1 1 1 1 1 1 1 1 1 1 1 1 1 1 1 1 1 1 1 1 1 1 1 1 1 1 1 1 1 1 1 1 1 1 1 1 1 1 1 1 1 1 1 1 1 1 1 1 1 1 1 1 1 1 1 1 1 1 1 1.04771 1.20513 
1.68514 1.20513 1.04771 1 1 1 1 1 1 1 1 1 1 1 1 1 1 1 1 1 1 1 1 1 1 1 1 1 1 1 1 1 1 1 1 1 1 1 1 1 1 1 1 1 1 1 1 1 1 1 1 1 1 1 1 1 1 1 1 1 1 1 1 1 1 1 1 1 1 1 1 1 1 1 1 1 1 1 1 1 1 1 1 1 1 1 1 1 1 1 1 1 1 1 1 1 1 1 1 1 1 1 1 1 1 1 1 1 1 1 1 1 1 1 1 1 1 1 1 1 1 1 1 1 1 1 1 1 1 1 1 1 1 1 1 1 1 1 1 1 1 1.04771 1.20513 
1.68514 1.20513 1.04771 1 1 1 1 1 1 1 1 1 1 1 1 1 1 1 1 1 1 1 1 1 1 1 1 1 1 1 1 1 1 1 1 1 1 1 1 1 1 1 1 1 1 1 1 1 1 1 1 1 1 1 1 1 1 1 1 1 1 1 1 1 1 1 1 1 1 1 1 1 1 1 1 1 1 1 1 1 1 1 1 1 1 1 1 1 1 1 1 1 1 1 1 1 1 1 1 1 1 1 1 1 1 1 1 1 1 1 1 1 1 1 1 1 1 1 1 1 1 1 1 1 1 1 1 1 1 1 1 1 1 1 1 1 1 1 1 1 1 1.04771 1.20513 
1.68514 1.20513 1.04771 1 1 1 1 1 1 1 1 1 1 1 1 1 1 1 1 1 1 1 1 1 1 1 1 1 1 1 1 1 1 1 1 1 1 1 1 1 1 1 1 1 1 1 1 1 1 1 1 1 1 1 1 1 1 1 1 1 1 1 1 1 1 1 1 1 1 1 1 1 1 1 1 1 1 1 1 1 1 1 1 1 1 1 1 1 1 1 1 1 1 1 1 1 1 1 1 1 1 1 1 1 1 1 1 1 1 1 1 1 1 1 1 1 1 1 1 1 1 1 1 1 1 1 1 1 1 1 1 1 1 1 1 1 1 1 1 1 1 1.04771 1.20513 
1.68514 1.20513 1.04771 1 1 1 1 1 1 1 1 1 1 1 1 1 1 1 1 1 1 1 1 1 1 1 1 1 1 1 1 1 1 1 1 1 1 1 1 1 1 1 1 1 1 1 1 1 1 1 1 1 1 1 1 1 1 1 1 1 1 1 1 1 1 1 1 1 1 1 1 1 1 1 1 1 1 1 1 1 1 1 1 1 1 1 1 1 1 1 1 1 1 1 1 1 1 1 1 1 1 1 1 1 1 1 1 1 1 1 1 1 1 1 1 1 1 1 1 1 1 1 1 1 1 1 1 1 1 1 1 1 1 1 1 1 1 1 1 1 1 1.04771 1.20513 
1.68514 1.20513 1.04771 1 1 1 1 1 1 1 1 1 1 1 1 1 1 1 1 1 1 1 1 1 1 1 1 1 1 1 1 1 1 1 1 1 1 1 1 1 1 1 1 1 1 1 1 1 1 1 1 1 1 1 1 1 1 1 1 1 1 1 1 1 1 1 1 1 1 1 1 1 1 1 1 1 1 1 1 1 1 1 1 1 1 1 1 1 1 1 1 1 1 1 1 1 1 1 1 1 1 1 1 1 1 1 1 1 1 1 1 1 1 1 1 1 1 1 1 1 1 1 1 1 1 1 1 1 1 1 1 1 1 1 1 1 1 1 1 1 1 1.04771 1.20513 
1.68514 1.20513 1.04771 1 1 1 1 1 1 1 1 1 1 1 1 1 1 1 1 1 1 1 1 1 1 1 1 1 1 1 1 1 1 1 1 1 1 1 1 1 1 1 1 1 1 1 1 1 1 1 1 1 1 1 1 1 1 1 1 1 1 1 1 1 1 1 1 1 1 1 1 1 1 1 1 1 1 1 1 1 1 1 1 1 1 1 1 1 1 1 1 1 1 1 1 1 1 1 1 1 1 1 1 1 1 1 1 1 1 1 1 1 1 1 1 1 1 1 1 1 1 1 1 1 1 1 1 1 1 1 1 1 1 1 1 1 1 1 1 1 1 1.04771 1.20513 
1.68514 1.20513 1.04771 1 1 1 1 1 1 1 1 1 1 1 1 1 1 1 1 1 1 1 1 1 1 1 1 1 1 1 1 1 1 1 1 1 1 1 1 1 1 1 1 1 1 1 1 1 1 1 1 1 1 1 1 1 1 1 1 1 1 1 1 1 1 1 1 1 1 1 1 1 1 1 1 1 1 1 1 1 1 1 1 1 1 1 1 1 1 1 1 1 1 1 1 1 1 1 1 1 1 1 1 1 1 1 1 1 1 1 1 1 1 1 1 1 1 1 1 1 1 1 1 1 1 1 1 1 1 1 1 1 1 1 1 1 1 1 1 1 1 1.04771 1.20513 
1.68514 1.20513 1.04771 1 1 1 1 1 1 1 1 1 1 1 1 1 1 1 1 1 1 1 1 1 1 1 1 1 1 1 1 1 1 1 1 1 1 1 1 1 1 1 1 1 1 1 1 1 1 1 1 1 1 1 1 1 1 1 1 1 1 1 1 1 1 1 1 1 1 1 1 1 1 1 1 1 1 1 1 1 1 1 1 1 1 1 1 1 1 1 1 1 1 1 1 1 1 1 1 1 1 1 1 1 1 1 1 1 1 1 1 1 1 1 1 1 1 1 1 1 1 1 1 1 1 1 1 1 1 1 1 1 1 1 1 1 1 1 1 1 1 1.04771 1.20513 
1.68514 1.20513 1.04771 1 1 1 1 1 1 1 1 1 1 1 1 1 1 1 1 1 1 1 1 1 1 1 1 1 1 1 1 1 1 1 1 1 1 1 1 1 1 1 1 1 1 1 1 1 1 1 1 1 1 1 1 1 1 1 1 1 1 1 1 1 1 1 1 1 1 1 1 1 1 1 1 1 1 1 1 1 1 1 1 1 1 1 1 1 1 1 1 1 1 1 1 1 1 1 1 1 1 1 1 1 1 1 1 1 1 1 1 1 1 1 1 1 1 1 1 1 1 1 1 1 1 1 1 1 1 1 1 1 1 1 1 1 1 1 1 1 1 1.04771 1.20513 
1.68514 1.20513 1.04771 1 1 1 1 1 1 1 1 1 1 1 1 1 1 1 1 1 1 1 1 1 1 1 1 1 1 1 1 1 1 1 1 1 1 1 1 1 1 1 1 1 1 1 1 1 1 1 1 1 1 1 1 1 1 1 1 1 1 1 1 1 1 1 1 1 1 1 1 1 1 1 1 1 1 1 1 1 1 1 1 1 1 1 1 1 1 1 1 1 1 1 1 1 1 1 1 1 1 1 1 1 1 1 1 1 1 1 1 1 1 1 1 1 1 1 1 1 1 1 1 1 1 1 1 1 1 1 1 1 1 1 1 1 1 1 1 1 1 1.04771 1.20513 
1.68514 1.20513 1.04771 1 1 1 1 1 1 1 1 1 1 1 1 1 1 1 1 1 1 1 1 1 1 1 1 1 1 1 1 1 1 1 1 1 1 1 1 1 1 1 1 1 1 1 1 1 1 1 1 1 1 1 1 1 1 1 1 1 1 1 1 1 1 1 1 1 1 1 1 1 1 1 1 1 1 1 1 1 1 1 1 1 1 1 1 1 1 1 1 1 1 1 1 1 1 1 1 1 1 1 1 1 1 1 1 1 1 1 1 1 1 1 1 1 1 1 1 1 1 1 1 1 1 1 1 1 1 1 1 1 1 1 1 1 1 1 1 1 1 1.04771 1.20513 
1.68514 1.20513 1.04771 1 1 1 1 1 1 1 1 1 1 1 1 1 1 1 1 1 1 1 1 1 1 1 1 1 1 1 1 1 1 1 1 1 1 1 1 1 1 1 1 1 1 1 1 1 1 1 1 1 1 1 1 1 1 1 1 1 1 1 1 1 1 1 1 1 1 1 1 1 1 1 1 1 1 1 1 1 1 1 1 1 1 1 1 1 1 1 1 1 1 1 1 1 1 1 1 1 1 1 1 1 1 1 1 1 1 1 1 1 1 1 1 1 1 1 1 1 1 1 1 1 1 1 1 1 1 1 1 1 1 1 1 1 1 1 1 1 1 1.04771 1.20513 
1.68514 1.20513 1.04771 1 1 1 1 1 1 1 1 1 1 1 1 1 1 1 1 1 1 1 1 1 1 1 1 1 1 1 1 1 1 1 1 1 1 1 1 1 1 1 1 1 1 1 1 1 1 1 1 1 1 1 1 1 1 1 1 1 1 1 1 1 1 1 1 1 1 1 1 1 1 1 1 1 1 1 1 1 1 1 1 1 1 1 1 1 1 1 1 1 1 1 1 1 1 1 1 1 1 1 1 1 1 1 1 1 1 1 1 1 1 1 1 1 1 1 1 1 1 1 1 1 1 1 1 1 1 1 1 1 1 1 1 1 1 1 1 1 1 1.04771 1.20513 
1.68514 1.20513 1.04771 1 1 1 1 1 1 1 1 1 1 1 1 1 1 1 1 1 1 1 1 1 1 1 1 1 1 1 1 1 1 1 1 1 1 1 1 1 1 1 1 1 1 1 1 1 1 1 1 1 1 1 1 1 1 1 1 1 1 1 1 1 1 1 1 1 1 1 1 1 1 1 1 1 1 1 1 1 1 1 1 1 1 1 1 1 1 1 1 1 1 1 1 1 1 1 1 1 1 1 1 1 1 1 1 1 1 1 1 1 1 1 1 1 1 1 1 1 1 1 1 1 1 1 1 1 1 1 1 1 1 1 1 1 1 1 1 1 1 1.04771 1.20513 
1.68514 1.20513 1.04771 1 1 1 1 1 1 1 1 1 1 1 1 1 1 1 1 1 1 1 1 1 1 1 1 1 1 1 1 1 1 1 1 1 1 1 1 1 1 1 1 1 1 1 1 1 1 1 1 1 1 1 1 1 1 1 1 1 1 1 1 1 1 1 1 1 1 1 1 1 1 1 1 1 1 1 1 1 1 1 1 1 1 1 1 1 1 1 1 1 1 1 1 1 1 1 1 1 1 1 1 1 1 1 1 1 1 1 1 1 1 1 1 1 1 1 1 1 1 1 1 1 1 1 1 1 1 1 1 1 1 1 1 1 1 1 1 1 1 1.04771 1.20513 
1.68514 1.20513 1.04771 1 1 1 1 1 1 1 1 1 1 1 1 1 1 1 1 1 1 1 1 1 1 1 1 1 1 1 1 1 1 1 1 1 1 1 1 1 1 1 1 1 1 1 1 1 1 1 1 1 1 1 1 1 1 1 1 1 1 1 1 1 1 1 1 1 1 1 1 1 1 1 1 1 1 1 1 1 1 1 1 1 1 1 1 1 1 1 1 1 1 1 1 1 1 1 1 1 1 1 1 1 1 1 1 1 1 1 1 1 1 1 1 1 1 1 1 1 1 1 1 1 1 1 1 1 1 1 1 1 1 1 1 1 1 1 1 1 1 1.04771 1.20513 
1.68514 1.20513 1.04771 1 1 1 1 1 1 1 1 1 1 1 1 1 1 1 1 1 1 1 1 1 1 1 1 1 1 1 1 1 1 1 1 1 1 1 1 1 1 1 1 1 1 1 1 1 1 1 1 1 1 1 1 1 1 1 1 1 1 1 1 1 1 1 1 1 1 1 1 1 1 1 1 1 1 1 1 1 1 1 1 1 1 1 1 1 1 1 1 1 1 1 1 1 1 1 1 1 1 1 1 1 1 1 1 1 1 1 1 1 1 1 1 1 1 1 1 1 1 1 1 1 1 1 1 1 1 1 1 1 1 1 1 1 1 1 1 1 1 1.04771 1.20513 
1.68514 1.20513 1.04771 1 1 1 1 1 1 1 1 1 1 1 1 1 1 1 1 1 1 1 1 1 1 1 1 1 1 1 1 1 1 1 1 1 1 1 1 1 1 1 1 1 1 1 1 1 1 1 1 1 1 1 1 1 1 1 1 1 1 1 1 1 1 1 1 1 1 1 1 1 1 1 1 1 1 1 1 1 1 1 1 1 1 1 1 1 1 1 1 1 1 1 1 1 1 1 1 1 1 1 1 1 1 1 1 1 1 1 1 1 1 1 1 1 1 1 1 1 1 1 1 1 1 1 1 1 1 1 1 1 1 1 1 1 1 1 1 1 1 1.04771 1.20513 
1.68514 1.20513 1.04771 1 1 1 1 1 1 1 1 1 1 1 1 1 1 1 1 1 1 1 1 1 1 1 1 1 1 1 1 1 1 1 1 1 1 1 1 1 1 1 1 1 1 1 1 1 1 1 1 1 1 1 1 1 1 1 1 1 1 1 1 1 1 1 1 1 1 1 1 1 1 1 1 1 1 1 1 1 1 1 1 1 1 1 1 1 1 1 1 1 1 1 1 1 1 1 1 1 1 1 1 1 1 1 1 1 1 1 1 1 1 1 1 1 1 1 1 1 1 1 1 1 1 1 1 1 1 1 1 1 1 1 1 1 1 1 1 1 1 1.04771 1.20513 
1.68514 1.20513 1.04771 1 1 1 1 1 1 1 1 1 1 1 1 1 1 1 1 1 1 1 1 1 1 1 1 1 1 1 1 1 1 1 1 1 1 1 1 1 1 1 1 1 1 1 1 1 1 1 1 1 1 1 1 1 1 1 1 1 1 1 1 1 1 1 1 1 1 1 1 1 1 1 1 1 1 1 1 1 1 1 1 1 1 1 1 1 1 1 1 1 1 1 1 1 1 1 1 1 1 1 1 1 1 1 1 1 1 1 1 1 1 1 1 1 1 1 1 1 1 1 1 1 1 1 1 1 1 1 1 1 1 1 1 1 1 1 1 1 1 1.04771 1.20513 
1.68514 1.20513 1.04771 1 1 1 1 1 1 1 1 1 1 1 1 1 1 1 1 1 1 1 1 1 1 1 1 1 1 1 1 1 1 1 1 1 1 1 1 1 1 1 1 1 1 1 1 1 1 1 1 1 1 1 1 1 1 1 1 1 1 1 1 1 1 1 1 1 1 1 1 1 1 1 1 1 1 1 1 1 1 1 1 1 1 1 1 1 1 1 1 1 1 1 1 1 1 1 1 1 1 1 1 1 1 1 1 1 1 1 1 1 1 1 1 1 1 1 1 1 1 1 1 1 1 1 1 1 1 1 1 1 1 1 1 1 1 1 1 1 1 1.04771 1.20513 
2.0236 1.55077 1.29949 1.04771 1.04771 1.04771 1.04771 1.04771 1.04771 1.04771 1.04771 1.04771 1.04771 1.04771 1.04771 1.04771 1.04771 1.04771 1.04771 1.04771 1.04771 1.04771 1.04771 1.04771 1.04771 1.04771 1.04771 1.04771 1.04771 1.04771 1.04771 1.04771 1.04771 1.04771 1.04771 1.04771 1.04771 1.04771 1.04771 1.04771 1.04771 1.04771 1.04771 1.04771 1.04771 1.04771 1.04771 1.04771 1.04771 1.04771 1.04771 1.04771 1.04771 1.04771 1.04771 1.04771 1.04771 1.04771 1.04771 1.04771 1.04771 1.04771 1.04771 1.04771 1.04771 1.04771 1.04771 1.04771 1.04771 1.04771 1.04771 1.04771 1.04771 1.04771 1.04771 1.04771 1.04771 1.04771 1.04771 1.04771 1.04771 1.04771 1.04771 1.04771 1.04771 1.04771 1.04771 1.04771 1.04771 1.04771 1.04771 1.04771 1.04771 1.04771 1.04771 1.04771 1.04771 1.04771 1.04771 1.04771 1.04771 1.04771 1.04771 1.04771 1.04771 1.04771 1.04771 1.04771 1.04771 1.04771 1.04771 1.04771 1.04771 1.04771 1.04771 1.04771 1.04771 1.04771 1.04771 1.04771 1.04771 1.04771 1.04771 1.04771 1.04771 1.04771 1.04771 1.04771 1.04771 1.04771 1.04771 1.04771 1.04771 1.04771 1.04771 1.04771 1.04771 1.04771 1.04771 1.04771 1.04771 1.29949 1.55077 
3.16433 2.03796 1.55077 1.20513 1.20513 1.20513 1.20513 1.20513 1.20513 1.20513 1.20513 1.20513 1.20513 1.20513 1.20513 1.20513 1.20513 1.20513 1.20513 1.20513 1.20513 1.20513 1.20513 1.20513 1.20513 1.20513 1.20513 1.20513 1.20513 1.20513 1.20513 1.20513 1.20513 1.20513 1.20513 1.20513 1.20513 1.20513 1.20513 1.20513 1.20513 1.20513 1.20513 1.20513 1.20513 1.20513 1.20513 1.20513 1.20513 1.20513 1.20513 1.20513 1.20513 1.20513 1.20513 1.20513 1.20513 1.20513 1.20513 1.20513 1.20513 1.20513 1.20513 1.20513 1.20513 1.20513 1.20513 1.20513 1.20513 1.20513 1.20513 1.20513 1.20513 1.20513 1.20513 1.20513 1.20513 1.20513 1.20513 1.20513 1.20513 1.20513 1.20513 1.20513 1.20513 1.20513 1.20513 1.20513 1.20513 1.20513 1.20513 1.20513 1.20513 1.20513 1.20513 1.20513 1.20513 1.20513 1.20513 1.20513 1.20513 1.20513 1.20513 1.20513 1.20513 1.20513 1.20513 1.20513 1.20513 1.20513 1.20513 1.20513 1.20513 1.20513 1.20513 1.20513 1.20513 1.20513 1.20513 1.20513 1.20513 1.20513 1.20513 1.20513 1.20513 1.20513 1.20513 1.20513 1.20513 1.20513 1.20513 1.20513 1.20513 1.20513 1.20513 1.20513 1.20513 1.20513 1.20513 1.20513 1.20513 1.55077 2.03797 
