#No recentering correction has been made! Must use full expression for cumulants!
#i	j	<z^i zbar^j>_eps	<z^i zbar^j>_U	<z^i zbar^j>_Ubar	<z^i zbar^j>_C	<z^i zbar^j>_T	<z^i zbar^j>_s
0	0	(397.38,0)	(4.78263e-08,9.53924e-08)	(4.78263e-08,-9.53924e-08)	(-1.63505e-07,-1.77375e-08)	(-6.49736e-05,7.04854e-06)	(-0.5,0)	(373.004,0)
0	1	(1.72188,0.0360879)	(-1.76201,1.16288e-06)	(3.42432e-06,-9.33187e-07)	(1.35645e-07,-9.3317e-08)	(-0.000113034,1.17014e-05)	(-0.860939,-0.0180439)	(1.56411,0.175782)
0	2	(3.169,0.589348)	(-6.06792,-0.127183)	(5.4302e-06,5.02894e-06)	(-1.55233,-6.32808e-07)	(-0.00056499,-0.00107966)	(-1.5845,-0.294674)	(2.9531,1.50793)
0	3	(-2.99102,0.414826)	(-16.7513,-3.11546)	(-1.81589e-05,4.58194e-05)	(-8.01877,-0.168079)	(0.00252261,-0.0120304)	(1.49551,-0.207413)	(-4.832,3.27163)
0	4	(-26.7366,-10.7238)	(21.0819,-2.92406)	(-0.000140073,0.000180491)	(-29.5157,-5.48948)	(0.13048,-0.0582696)	(13.3683,5.36191)	(-35.6356,-7.13388)
0	5	(-85.7115,-128.586)	(235.549,94.4803)	(0.000696304,0.0029321)	(46.4339,-6.43961)	(0.672195,0.534983)	(42.8557,64.2932)	(-116.314,-155.794)
1	0	(1.72188,-0.0360879)	(3.42432e-06,9.33187e-07)	(-1.76201,-1.16288e-06)	(-2.84447e-07,-2.94465e-08)	(5.39025e-05,3.70823e-05)	(-0.860939,0.0180439)	(1.56411,-0.175782)
1	1	(12.8419,0)	(-3.03395,0.0635995)	(-3.03395,-0.0635995)	(-1.96981e-06,-8.60241e-07)	(-0.000782764,0.000341843)	(-6.42094,0)	(12.4336,0)
1	2	(34.8741,4.2076)	(-39.7847,6.68098e-05)	(-5.58363,-1.03851)	(-2.67291,0.0560244)	(-0.00614208,0.0035451)	(-17.4371,-2.1038)	(31.4281,7.98958)
1	3	(78.4054,40.8528)	(-156.088,-21.6499)	(5.27085,-0.730617)	(-50.1657,3.50587e-05)	(-0.0742657,-0.0381519)	(-39.2027,-20.4264)	(68.4195,70.0907)
1	4	(-197.936,89.5326)	(-448.587,-268.598)	(47.11,18.8993)	(-258.43,-37.8)	(-0.123225,-0.894859)	(98.9678,-44.7663)	(-277.345,201.483)
1	5	(-1606.55,-511.561)	(1580.26,-766.136)	(151.009,226.602)	(-911.644,-577.39)	(7.51515,-4.93472)	(803.277,255.781)	(-2042.67,-351.814)
2	0	(3.169,-0.589348)	(5.4302e-06,-5.02894e-06)	(-6.06792,0.127183)	(-1.42179e-06,2.71693e-06)	(-616.864,0.000251465)	(-1.5845,0.294674)	(2.9531,-1.50793)
2	1	(34.8741,-4.2076)	(-5.58363,1.03851)	(-39.7847,-6.68098e-05)	(-1.54564e-05,-8.92117e-06)	(-1062.16,-22.263)	(-17.4371,2.1038)	(31.4281,-7.98958)
2	2	(304.444,0)	(-104.058,14.4339)	(-104.058,-14.4339)	(-4.91921,0.914834)	(-1954.8,-363.537)	(-152.222,0)	(298.398,0)
2	3	(1038.8,273.918)	(-1255.73,0.00434742)	(-224.286,-134.3)	(-129.214,18.9005)	(1844.85,-255.357)	(-519.401,-136.959)	(982.292,410.573)
2	4	(2355.32,2644.41)	(-5500.16,-1664.23)	(632.138,-306.418)	(-2009.89,0.00867113)	(16493,6614.91)	(-1177.66,-1322.21)	(2064.46,3848.19)
2	5	(-13403,7935.23)	(-14325.1,-19228.7)	(4929.57,1509.74)	(-10819.9,-3470.8)	(52835.6,79271.3)	(6701.48,-3967.61)	(-17298.2,13256)
3	0	(-2.99102,-0.414826)	(-1.81589e-05,-4.58194e-05)	(-16.7513,3.11546)	(6.3481e-06,3.02743e-05)	(-3186.5,66.7914)	(1.49551,0.207413)	(-4.832,-3.27163)
3	1	(78.4054,-40.8528)	(5.27085,0.730617)	(-156.088,21.6499)	(-0.000186888,9.60085e-05)	(-19934.8,-0.0139316)	(-39.2027,20.4264)	(68.4195,-70.0907)
3	2	(1038.8,-273.918)	(-224.286,134.3)	(-1255.73,-0.00434742)	(4.64252,0.6426)	(-51346.9,-7510.67)	(-519.401,136.959)	(982.292,-410.573)
3	3	(10376.1,0)	(-4125.07,1248.22)	(-4125.07,-1248.22)	(-273.479,173.209)	(-108675,-68829.9)	(-5188.05,0)	(10660.5,0)
3	4	(41511.6,17955.4)	(-51879.1,0.321337)	(-8594.52,-11537.3)	(-6491.74,2082.6)	(320478,-159274)	(-20755.8,-8977.68)	(42374.4,24326.7)
3	5	(81388.1,179793)	(-251338,-121498)	(56644.2,-34878.4)	(-99427.8,1.18497)	(2.46261e+06,741491)	(-40694,-89896.4)	(75295.8,242234)
4	0	(-26.7366,10.7238)	(-0.000140073,-0.000180491)	(21.0819,2.92406)	(0.000328351,0.000146634)	(-11729,2181.41)	(13.3683,-5.36191)	(-35.6356,7.13388)
4	1	(-197.936,-89.5326)	(47.11,-18.8993)	(-448.587,268.598)	(-0.000310094,0.0022519)	(-102695,15020.9)	(98.9678,44.7663)	(-277.345,-201.483)
4	2	(2355.32,-2644.41)	(632.138,306.418)	(-5500.16,1664.23)	(41.5044,-16.6463)	(-798691,-3.44573)	(-1177.66,1322.21)	(2064.46,-3848.19)
4	3	(41511.6,-17955.4)	(-8594.52,11537.3)	(-51879.1,-0.321337)	(806.476,400.811)	(-2.57969e+06,-827583)	(-20755.8,8977.68)	(42374.4,-24326.7)
4	4	(463477,0)	(-201063,97205.5)	(-201063,-97205.5)	(-12973.3,18911.6)	(-5.15535e+06,-7.5151e+06)	(-231739,0)	(504959,0)
4	5	(2.10173e+06,1.25636e+06)	(-2.68021e+06,27.1211)	(-344969,-933990)	(-379586,193155)	(3.64028e+07,-2.27758e+07)	(-1.05086e+06,-628180)	(2.31101e+06,1.62236e+06)
5	0	(-85.7115,128.586)	(0.000696304,-0.0029321)	(235.549,-94.4803)	(0.00169157,-0.00134628)	(18451.9,2558.97)	(42.8557,-64.2932)	(-116.314,155.794)
5	1	(-1606.55,511.561)	(151.009,-226.602)	(1580.26,766.136)	(0.0189117,0.0124181)	(-362269,229443)	(803.277,-255.781)	(-2042.67,351.814)
5	2	(-13403,-7935.23)	(4929.57,-1509.74)	(-14325.1,19228.7)	(132.96,-199.485)	(-4.29961e+06,1.37923e+06)	(6701.48,3967.61)	(-17298.2,-13256)
5	3	(81388.1,-179793)	(56644.2,34878.4)	(-251338,121498)	(6197.12,-1865.95)	(-3.95106e+07,-470.883)	(-40694,89896.4)	(75295.8,-242234)
5	4	(2.10173e+06,-1.25636e+06)	(-344969,933990)	(-2.68021e+06,-27.1211)	(91607,57315)	(-1.5084e+08,-7.6756e+07)	(-1.05086e+06,628180)	(2.31101e+06,-1.62236e+06)
5	5	(2.56885e+07,0)	(-1.18263e+07,7.66749e+06)	(-1.18263e+07,-7.66749e+06)	(-605530,1.82149e+06)	(-2.40626e+08,-7.23822e+08)	(-1.28442e+07,0)	(2.96186e+07,0)
