2.98039 2.38749 2.02359 1.74088 1.5039 1.3535 1.3535 1.3535 1.3535 1.3535 1.3535 1.3535 1.3535 1.3535 1.3535 1.3535 1.3535 1.3535 1.3535 1.3535 1.3535 1.3535 1.3535 1.3535 1.3535 1.3535 1.3535 1.3535 1.3535 1.3535 1.3535 1.3535 1.3535 1.3535 1.3535 1.3535 1.3535 1.3535 1.3535 1.3535 1.3535 1.3535 1.3535 1.3535 1.3535 1.3535 1.3535 1.3535 1.3535 1.3535 1.3535 1.3535 1.3535 1.3535 1.3535 1.3535 1.3535 1.3535 1.3535 1.3535 1.3535 1.3535 1.3535 1.3535 1.3535 1.3535 1.3535 1.3535 1.3535 1.3535 1.3535 1.3535 1.3535 1.3535 1.3535 1.3535 1.3535 1.3535 1.3535 1.3535 1.3535 1.3535 1.3535 1.3535 1.3535 1.3535 1.3535 1.3535 1.3535 1.3535 1.3535 1.3535 1.3535 1.3535 1.3535 1.3535 1.3535 1.3535 1.3535 1.3535 1.3535 1.3535 1.3535 1.3535 1.3535 1.3535 1.3535 1.3535 1.3535 1.5039 1.7409 2.02362 2.40878 
2.38751 2.00948 1.7606 1.55783 1.38144 1.19972 1.19972 1.19972 1.19972 1.19972 1.19972 1.19972 1.19972 1.19972 1.19972 1.19972 1.19972 1.19972 1.19972 1.19972 1.19972 1.19972 1.19972 1.19972 1.19972 1.19972 1.19972 1.19972 1.19972 1.19972 1.19972 1.19972 1.19972 1.19972 1.19972 1.19972 1.19972 1.19972 1.19972 1.19972 1.19972 1.19972 1.19972 1.19972 1.19972 1.19972 1.19972 1.19972 1.19972 1.19972 1.19972 1.19972 1.19972 1.19972 1.19972 1.19972 1.19972 1.19972 1.19972 1.19972 1.19972 1.19972 1.19972 1.19972 1.19972 1.19972 1.19972 1.19972 1.19972 1.19972 1.19972 1.19972 1.19972 1.19972 1.19972 1.19972 1.19972 1.19972 1.19972 1.19972 1.19972 1.19972 1.19972 1.19972 1.19972 1.19972 1.19972 1.19972 1.19972 1.19972 1.19972 1.19972 1.19972 1.19972 1.19972 1.19972 1.19972 1.19972 1.19972 1.19972 1.19972 1.19972 1.19972 1.19972 1.19972 1.19972 1.19972 1.19972 1.19972 1.38144 1.55783 1.76061 2.02361 
2.02362 1.76061 1.5796 1.42745 1.2919 1.11085 1.11085 1.11085 1.11085 1.11085 1.11085 1.11085 1.11085 1.11085 1.11085 1.11085 1.11085 1.11085 1.11085 1.11085 1.11085 1.11085 1.11085 1.11085 1.11085 1.11085 1.11085 1.11085 1.11085 1.11085 1.11085 1.11085 1.11085 1.11085 1.11085 1.11085 1.11085 1.11085 1.11085 1.11085 1.11085 1.11085 1.11085 1.11085 1.11085 1.11085 1.11085 1.11085 1.11085 1.11085 1.11085 1.11085 1.11085 1.11085 1.11085 1.11085 1.11085 1.11085 1.11085 1.11085 1.11085 1.11085 1.11085 1.11085 1.11085 1.11085 1.11085 1.11085 1.11085 1.11085 1.11085 1.11085 1.11085 1.11085 1.11085 1.11085 1.11085 1.11085 1.11085 1.11085 1.11085 1.11085 1.11085 1.11085 1.11085 1.11085 1.11085 1.11085 1.11085 1.11085 1.11085 1.11085 1.11085 1.11085 1.11085 1.11085 1.11085 1.11085 1.11085 1.11085 1.11085 1.11085 1.11085 1.11085 1.11085 1.11085 1.11085 1.11085 1.11085 1.2919 1.42745 1.5796 1.77069 
1.74089 1.55783 1.42745 1.31522 1.21348 1.05123 1.05123 1.05123 1.05123 1.05123 1.05123 1.05123 1.05123 1.05123 1.05123 1.05123 1.05123 1.05123 1.05123 1.05123 1.05123 1.05123 1.05123 1.05123 1.05123 1.05123 1.05123 1.05123 1.05123 1.05123 1.05123 1.05123 1.05123 1.05123 1.05123 1.05123 1.05123 1.05123 1.05123 1.05123 1.05123 1.05123 1.05123 1.05123 1.05123 1.05123 1.05123 1.05123 1.05123 1.05123 1.05123 1.05123 1.05123 1.05123 1.05123 1.05123 1.05123 1.05123 1.05123 1.05123 1.05123 1.05123 1.05123 1.05123 1.05123 1.05123 1.05123 1.05123 1.05123 1.05123 1.05123 1.05123 1.05123 1.05123 1.05123 1.05123 1.05123 1.05123 1.05123 1.05123 1.05123 1.05123 1.05123 1.05123 1.05123 1.05123 1.05123 1.05123 1.05123 1.05123 1.05123 1.05123 1.05123 1.05123 1.05123 1.05123 1.05123 1.05123 1.05123 1.05123 1.05123 1.05123 1.05123 1.05123 1.05123 1.05123 1.05123 1.05123 1.05123 1.21348 1.31522 1.42745 1.56499 
1.5039 1.38144 1.2919 1.21348 1.05512 1.01463 1.01463 1.01463 1.01463 1.01463 1.01463 1.01463 1.01463 1.01463 1.01463 1.01463 1.01463 1.01463 1.01463 1.01463 1.01463 1.01463 1.01463 1.01463 1.01463 1.01463 1.01463 1.01463 1.01463 1.01463 1.01463 1.01463 1.01463 1.01463 1.01463 1.01463 1.01463 1.01463 1.01463 1.01463 1.01463 1.01463 1.01463 1.01463 1.01463 1.01463 1.01463 1.01463 1.01463 1.01463 1.01463 1.01463 1.01463 1.01463 1.01463 1.01463 1.01463 1.01463 1.01463 1.01463 1.01463 1.01463 1.01463 1.01463 1.01463 1.01463 1.01463 1.01463 1.01463 1.01463 1.01463 1.01463 1.01463 1.01463 1.01463 1.01463 1.01463 1.01463 1.01463 1.01463 1.01463 1.01463 1.01463 1.01463 1.01463 1.01463 1.01463 1.01463 1.01463 1.01463 1.01463 1.01463 1.01463 1.01463 1.01463 1.01463 1.01463 1.01463 1.01463 1.01463 1.01463 1.01463 1.01463 1.01463 1.01463 1.01463 1.01463 1.01463 1.01463 1.05512 1.21348 1.2919 1.38631 
1.3535 1.19972 1.11085 1.05123 1.01463 1 1 1 1 1 1 1 1 1 1 1 1 1 1 1 1 1 1 1 1 1 1 1 1 1 1 1 1 1 1 1 1 1 1 1 1 1 1 1 1 1 1 1 1 1 1 1 1 1 1 1 1 1 1 1 1 1 1 1 1 1 1 1 1 1 1 1 1 1 1 1 1 1 1 1 1 1 1 1 1 1 1 1 1 1 1 1 1 1 1 1 1 1 1 1 1 1 1 1 1 1 1 1 1 1.01463 1.05123 1.11085 1.20513 
1.3535 1.19972 1.11085 1.05123 1.01463 1 1 1 1 1 1 1 1 1 1 1 1 1 1 1 1 1 1 1 1 1 1 1 1 1 1 1 1 1 1 1 1 1 1 1 1 1 1 1 1 1 1 1 1 1 1 1 1 1 1 1 1 1 1 1 1 1 1 1 1 1 1 1 1 1 1 1 1 1 1 1 1 1 1 1 1 1 1 1 1 1 1 1 1 1 1 1 1 1 1 1 1 1 1 1 1 1 1 1 1 1 1 1 1 1.01463 1.05123 1.11085 1.20513 
1.3535 1.19972 1.11085 1.05123 1.01463 1 1 1 1 1 1 1 1 1 1 1 1 1 1 1 1 1 1 1 1 1 1 1 1 1 1 1 1 1 1 1 1 1 1 1 1 1 1 1 1 1 1 1 1 1 1 1 1 1 1 1 1 1 1 1 1 1 1 1 1 1 1 1 1 1 1 1 1 1 1 1 1 1 1 1 1 1 1 1 1 1 1 1 1 1 1 1 1 1 1 1 1 1 1 1 1 1 1 1 1 1 1 1 1 1.01463 1.05123 1.11085 1.20513 
1.3535 1.19972 1.11085 1.05123 1.01463 1 1 1 1 1 1 1 1 1 1 1 1 1 1 1 1 1 1 1 1 1 1 1 1 1 1 1 1 1 1 1 1 1 1 1 1 1 1 1 1 1 1 1 1 1 1 1 1 1 1 1 1 1 1 1 1 1 1 1 1 1 1 1 1 1 1 1 1 1 1 1 1 1 1 1 1 1 1 1 1 1 1 1 1 1 1 1 1 1 1 1 1 1 1 1 1 1 1 1 1 1 1 1 1 1.01463 1.05123 1.11085 1.20513 
1.3535 1.19972 1.11085 1.05123 1.01463 1 1 1 1 1 1 1 1 1 1 1 1 1 1 1 1 1 1 1 1 1 1 1 1 1 1 1 1 1 1 1 1 1 1 1 1 1 1 1 1 1 1 1 1 1 1 1 1 1 1 1 1 1 1 1 1 1 1 1 1 1 1 1 1 1 1 1 1 1 1 1 1 1 1 1 1 1 1 1 1 1 1 1 1 1 1 1 1 1 1 1 1 1 1 1 1 1 1 1 1 1 1 1 1 1.01463 1.05123 1.11085 1.20513 
1.3535 1.19972 1.11085 1.05123 1.01463 1 1 1 1 1 1 1 1 1 1 1 1 1 1 1 1 1 1 1 1 1 1 1 1 1 1 1 1 1 1 1 1 1 1 1 1 1 1 1 1 1 1 1 1 1 1 1 1 1 1 1 1 1 1 1 1 1 1 1 1 1 1 1 1 1 1 1 1 1 1 1 1 1 1 1 1 1 1 1 1 1 1 1 1 1 1 1 1 1 1 1 1 1 1 1 1 1 1 1 1 1 1 1 1 1.01463 1.05123 1.11085 1.20513 
1.3535 1.19972 1.11085 1.05123 1.01463 1 1 1 1 1 1 1 1 1 1 1 1 1 1 1 1 1 1 1 1 1 1 1 1 1 1 1 1 1 1 1 1 1 1 1 1 1 1 1 1 1 1 1 1 1 1 1 1 1 1 1 1 1 1 1 1 1 1 1 1 1 1 1 1 1 1 1 1 1 1 1 1 1 1 1 1 1 1 1 1 1 1 1 1 1 1 1 1 1 1 1 1 1 1 1 1 1 1 1 1 1 1 1 1 1.01463 1.05123 1.11085 1.20513 
1.3535 1.19972 1.11085 1.05123 1.01463 1 1 1 1 1 1 1 1 1 1 1 1 1 1 1 1 1 1 1 1 1 1 1 1 1 1 1 1 1 1 1 1 1 1 1 1 1 1 1 1 1 1 1 1 1 1 1 1 1 1 1 1 1 1 1 1 1 1 1 1 1 1 1 1 1 1 1 1 1 1 1 1 1 1 1 1 1 1 1 1 1 1 1 1 1 1 1 1 1 1 1 1 1 1 1 1 1 1 1 1 1 1 1 1 1.01463 1.05123 1.11085 1.20513 
1.3535 1.19972 1.11085 1.05123 1.01463 1 1 1 1 1 1 1 1 1 1 1 1 1 1 1 1 1 1 1 1 1 1 1 1 1 1 1 1 1 1 1 1 1 1 1 1 1 1 1 1 1 1 1 1 1 1 1 1 1 1 1 1 1 1 1 1 1 1 1 1 1 1 1 1 1 1 1 1 1 1 1 1 1 1 1 1 1 1 1 1 1 1 1 1 1 1 1 1 1 1 1 1 1 1 1 1 1 1 1 1 1 1 1 1 1.01463 1.05123 1.11085 1.20513 
1.3535 1.19972 1.11085 1.05123 1.01463 1 1 1 1 1 1 1 1 1 1 1 1 1 1 1 1 1 1 1 1 1 1 1 1 1 1 1 1 1 1 1 1 1 1 1 1 1 1 1 1 1 1 1 1 1 1 1 1 1 1 1 1 1 1 1 1 1 1 1 1 1 1 1 1 1 1 1 1 1 1 1 1 1 1 1 1 1 1 1 1 1 1 1 1 1 1 1 1 1 1 1 1 1 1 1 1 1 1 1 1 1 1 1 1 1.01463 1.05123 1.11085 1.20513 
1.3535 1.19972 1.11085 1.05123 1.01463 1 1 1 1 1 1 1 1 1 1 1 1 1 1 1 1 1 1 1 1 1 1 1 1 1 1 1 1 1 1 1 1 1 1 1 1 1 1 1 1 1 1 1 1 1 1 1 1 1 1 1 1 1 1 1 1 1 1 1 1 1 1 1 1 1 1 1 1 1 1 1 1 1 1 1 1 1 1 1 1 1 1 1 1 1 1 1 1 1 1 1 1 1 1 1 1 1 1 1 1 1 1 1 1 1.01463 1.05123 1.11085 1.20513 
1.3535 1.19972 1.11085 1.05123 1.01463 1 1 1 1 1 1 1 1 1 1 1 1 1 1 1 1 1 1 1 1 1 1 1 1 1 1 1 1 1 1 1 1 1 1 1 1 1 1 1 1 1 1 1 1 1 1 1 1 1 1 1 1 1 1 1 1 1 1 1 1 1 1 1 1 1 1 1 1 1 1 1 1 1 1 1 1 1 1 1 1 1 1 1 1 1 1 1 1 1 1 1 1 1 1 1 1 1 1 1 1 1 1 1 1 1.01463 1.05123 1.11085 1.20513 
1.3535 1.19972 1.11085 1.05123 1.01463 1 1 1 1 1 1 1 1 1 1 1 1 1 1 1 1 1 1 1 1 1 1 1 1 1 1 1 1 1 1 1 1 1 1 1 1 1 1 1 1 1 1 1 1 1 1 1 1 1 1 1 1 1 1 1 1 1 1 1 1 1 1 1 1 1 1 1 1 1 1 1 1 1 1 1 1 1 1 1 1 1 1 1 1 1 1 1 1 1 1 1 1 1 1 1 1 1 1 1 1 1 1 1 1 1.01463 1.05123 1.11085 1.20513 
1.3535 1.19972 1.11085 1.05123 1.01463 1 1 1 1 1 1 1 1 1 1 1 1 1 1 1 1 1 1 1 1 1 1 1 1 1 1 1 1 1 1 1 1 1 1 1 1 1 1 1 1 1 1 1 1 1 1 1 1 1 1 1 1 1 1 1 1 1 1 1 1 1 1 1 1 1 1 1 1 1 1 1 1 1 1 1 1 1 1 1 1 1 1 1 1 1 1 1 1 1 1 1 1 1 1 1 1 1 1 1 1 1 1 1 1 1.01463 1.05123 1.11085 1.20513 
1.3535 1.19972 1.11085 1.05123 1.01463 1 1 1 1 1 1 1 1 1 1 1 1 1 1 1 1 1 1 1 1 1 1 1 1 1 1 1 1 1 1 1 1 1 1 1 1 1 1 1 1 1 1 1 1 1 1 1 1 1 1 1 1 1 1 1 1 1 1 1 1 1 1 1 1 1 1 1 1 1 1 1 1 1 1 1 1 1 1 1 1 1 1 1 1 1 1 1 1 1 1 1 1 1 1 1 1 1 1 1 1 1 1 1 1 1.01463 1.05123 1.11085 1.20513 
1.3535 1.19972 1.11085 1.05123 1.01463 1 1 1 1 1 1 1 1 1 1 1 1 1 1 1 1 1 1 1 1 1 1 1 1 1 1 1 1 1 1 1 1 1 1 1 1 1 1 1 1 1 1 1 1 1 1 1.00001 1.00003 1.00004 1.00004 1.00004 1.00004 1.00004 1.00003 1.00001 1 1 1 1 1 1 1 1 1 1 1 1 1 1 1 1 1 1 1 1 1 1 1 1 1 1 1 1 1 1 1 1 1 1 1 1 1 1 1 1 1 1 1 1 1 1 1 1 1 1.01463 1.05123 1.11085 1.20513 
1.3535 1.19972 1.11085 1.05123 1.01463 1 1 1 1 1 1 1 1 1 1 1 1 1 1 1 1 1 1 1 1 1 1 1 1 1 1 1 1 1 1 1 1 1 1 1 1 1 1 1 1 1 1 1.00001 1.00005 1.00005 1.00001 1.0001 1.00043 1.00062 1.00062 1.00066 1.00061 1.00061 1.00042 1.0001 1.00001 1.00006 1.00006 1.00001 1 1 1 1 1 1 1 1 1 1 1 1 1 1 1 1 1 1 1 1 1 1 1 1 1 1 1 1 1 1 1 1 1 1 1 1 1 1 1 1 1 1 1 1 1 1.01463 1.05123 1.11085 1.20513 
1.3535 1.19972 1.11085 1.05123 1.01463 1 1 1 1 1 1 1 1 1 1 1 1 1 1 1 1 1 1 1 1 1 1 1 1 1 1 1 1 1 1 1 1 1 1 1 1 1 1 1 1.00001 1.00002 1.00001 1.00008 1.00083 1.00094 1.00008 1.00106 1.00371 1.005 1.00501 1.00524 1.00491 1.0049 1.00366 1.00109 1.00008 1.00102 1.00105 1.00023 1.00007 1.00001 1.00002 1.00005 1.00004 1.00002 1.00001 1 1 1 1 1 1 1 1 1 1 1 1 1 1 1 1 1 1 1 1 1 1 1 1 1 1 1 1 1 1 1 1 1 1 1 1 1 1 1.01463 1.05123 1.11085 1.20513 
1.3535 1.19972 1.11085 1.05123 1.01463 1 1 1 1 1 1 1 1 1 1 1 1 1 1 1 1 1 1 1 1 1 1 1 1 1 1 1 1 1 1 1 1 1 1 1 1 1 1.00001 1.00002 1.0001 1.00031 1.00008 1.00091 1.00619 1.00778 1.00485 1.00224 1.00038 1.00029 1.00059 1.00047 1.0006 1.0003 1.00037 1.00206 1.00459 1.00818 1.00736 1.00221 1.00074 1.0001 1.00026 1.00061 1.00051 1.00027 1.00007 1.00001 1.00006 1.00005 1.00001 1 1 1 1 1 1 1 1 1 1 1 1 1 1 1 1 1 1 1 1 1 1 1 1 1 1 1 1 1 1 1 1 1 1 1.01463 1.05123 1.11085 1.20513 
1.3535 1.19972 1.11085 1.05123 1.01463 1 1 1 1 1 1 1 1 1 1 1 1 1 1 1 1 1 1 1 1 1 1 1 1 1 1 1 1 1 1 1 1 1 1 1 1 1 1.00017 1.00036 1.00111 1.00344 1.00401 1.00369 1.00021 1.00303 1.04175 1.08335 1.1227 1.14082 1.1449 1.1471 1.14382 1.1395 1.12185 1.08335 1.04228 1.00319 1.00019 1.00185 1.00053 1.00088 1.00019 1.00027 1.00011 1.0001 1.00005 1.0001 1.00066 1.0006 1.00008 1.00001 1.00001 1 1 1 1 1 1 1 1 1 1 1 1 1 1 1 1 1 1 1 1 1 1 1 1 1 1 1 1 1 1 1 1 1.01463 1.05123 1.11085 1.20513 
1.3535 1.19972 1.11085 1.05123 1.01463 1 1 1 1 1 1 1 1 1 1 1 1 1 1 1 1 1 1 1 1 1 1 1 1 1 1 1 1 1 1 1 1 1 1 1.00002 1.00002 1.00003 1.00172 1.00497 1.00263 1.00446 1.04121 1.08598 1.15295 1.17393 1.13937 1.09622 1.03853 1.0342 1.0449 1.04167 1.04557 1.03477 1.03813 1.09327 1.1372 1.17841 1.16545 1.10706 1.06453 1.02739 1.02988 1.041 1.036 1.02596 1.01387 1.00439 1.00003 1.0002 1.00001 1.00003 1.00015 1.00006 1.00002 1 1 1 1 1 1 1 1 1 1 1 1 1 1 1 1 1 1 1 1 1 1 1 1 1 1 1 1 1 1 1.01463 1.05123 1.11085 1.20513 
1.3535 1.19972 1.11085 1.05123 1.01463 1 1 1 1 1 1 1 1 1 1 1 1 1 1 1 1 1 1 1 1 1 1 1 1 1 1 1 1 1 1 1 1.00001 1.00004 1.00003 1.00029 1.0002 1.00146 1.00075 1.0065 1.08448 1.13248 1.12646 1.11693 1.02539 1.15729 1.46482 1.68254 1.7937 1.8407 1.86322 1.84124 1.86039 1.83753 1.79228 1.67793 1.45859 1.15844 1.02907 1.07947 1.06559 1.07271 1.03773 1.00335 1.00268 1.00923 1.02144 1.03446 1.04833 1.04007 1.01693 1.00543 1.00013 1.00007 1.00028 1.00006 1.00002 1.00001 1 1 1 1 1 1 1 1 1 1 1 1 1 1 1 1 1 1 1 1 1 1 1 1 1 1 1 1.01463 1.05123 1.11085 1.20513 
1.3535 1.19972 1.11085 1.05123 1.01463 1 1 1 1 1 1 1 1 1 1 1 1 1 1 1 1 1 1 1 1 1 1 1 1 1 1 1 1 1 1 1.00001 1.00014 1.00015 1.00004 1.00445 1.00377 1.01502 1.09316 1.14474 1.09772 1.17811 1.47822 1.72863 1.79868 1.94965 2.04911 2.07442 2.09461 1.98991 1.96473 1.95168 1.96517 1.99193 2.09249 2.06195 2.03184 1.95735 1.82768 1.75389 1.51577 1.30679 1.30625 1.37417 1.36092 1.30576 1.22981 1.14639 1.02288 1.0027 1.02459 1.02578 1.02615 1.01243 1.00013 1.00003 1.00023 1.00007 1.00001 1 1 1 1 1 1 1 1 1 1 1 1 1 1 1 1 1 1 1 1 1 1 1 1 1 1 1.01463 1.05123 1.11085 1.20513 
1.3535 1.19972 1.11085 1.05123 1.01463 1 1 1 1 1 1 1 1 1 1 1 1 1 1 1 1 1 1 1 1 1 1 1 1 1 1 1 1 1 1.00001 1.00021 1.00076 1.00491 1.01093 1.00898 1.05692 1.08755 1.0726 1.21206 1.63356 1.99223 2.03522 2.15194 1.99405 1.88985 1.86515 1.8628 1.86969 1.85703 1.78355 1.75 1.78193 1.85534 1.8689 1.85526 1.85687 1.90767 2.01404 2.0307 1.85723 1.74027 1.3835 1.22057 1.08932 1.1615 1.24416 1.32565 1.39557 1.3678 1.25612 1.15764 1.03799 1.02171 1.03321 1.01306 1.00008 1.00011 1.00008 1 1 1 1 1 1 1 1 1 1 1 1 1 1 1 1 1 1 1 1 1 1 1 1 1 1 1.01463 1.05123 1.11085 1.20513 
1.3535 1.19972 1.11085 1.05123 1.01463 1 1 1 1 1 1 1 1 1 1 1 1 1 1 1 1 1 1 1 1 1 1 1 1 1 1 1 1.00006 1.00001 1.00015 1.00264 1.01618 1.00817 1.02977 1.13786 1.13837 1.2776 1.62245 2.01584 1.97066 2.04004 2.02063 1.83965 1.75907 1.7569 1.69901 1.68288 1.68266 1.68553 1.66851 1.62918 1.67106 1.68958 1.68191 1.67939 1.69758 1.78096 1.79561 1.86465 2.00148 2.00723 1.97299 2.18375 2.17686 2.10379 1.96844 1.74121 1.33372 1.0914 1.27087 1.28035 1.30977 1.22441 1.03289 1.02083 1.02875 1.01074 1.00002 1.00002 1.00003 1.00001 1 1 1 1 1 1 1 1 1 1 1 1 1 1 1 1 1 1 1 1 1 1 1 1.01463 1.05123 1.11085 1.20513 
1.3535 1.19972 1.11085 1.05123 1.01463 1 1 1 1 1 1 1 1 1 1 1 1 1 1 1 1 1 1 1 1 1 1 1 1 1 1 1.00006 1.00048 1.00062 1.00529 1.00583 1.00631 1.17332 1.22936 1.26481 1.50326 1.90836 1.98439 2.02421 1.96881 1.83619 1.79828 1.75056 1.66669 1.65486 1.63434 1.60594 1.60496 1.60053 1.59252 1.56125 1.58664 1.5938 1.60432 1.60708 1.62981 1.65056 1.64781 1.69993 1.75984 1.78504 1.808 1.8769 2.00733 2.21098 2.21095 2.25057 2.16619 2.05491 2.14334 1.81938 1.3787 1.24493 1.34834 1.22665 1.02865 1.01077 1.01537 1.00216 1.00023 1.0001 1.00002 1 1 1 1 1 1 1 1 1 1 1 1 1 1 1 1 1 1 1 1 1 1 1.01463 1.05123 1.11085 1.20513 
1.3535 1.19972 1.11085 1.05123 1.01463 1 1 1 1 1 1 1 1 1 1 1 1 1 1 1 1 1 1 1 1 1 1 1 1 1 1 1.00013 1.00702 1.00836 1.02162 1.12123 1.25967 1.17346 1.36189 1.99978 2.13799 1.96168 1.92813 1.82469 1.77748 1.76494 1.67804 1.6345 1.60367 1.58079 1.57039 1.54753 1.54201 1.53689 1.52804 1.51553 1.52838 1.53722 1.53907 1.53171 1.55001 1.55807 1.56247 1.58476 1.61255 1.62764 1.63531 1.69238 1.80984 1.84568 1.86439 1.88348 1.92748 2.06498 2.30653 2.21809 2.32443 1.96058 1.41044 1.25093 1.32663 1.20542 1.02545 1.01361 1.00684 1.00005 1.00022 1.00003 1 1 1 1 1 1 1 1 1 1 1 1 1 1 1 1 1 1 1 1 1 1.01463 1.05123 1.11085 1.20513 
1.3535 1.19972 1.11085 1.05123 1.01463 1 1 1 1 1 1 1 1 1 1 1 1 1 1 1 1 1 1 1 1 1 1 1 1.00002 1.00004 1.00004 1.00878 1.00061 1.06644 1.15085 1.17669 1.26882 1.84309 2.28113 2.08737 2.00841 1.88303 1.74456 1.68192 1.63363 1.62618 1.60536 1.561 1.53255 1.51525 1.5067 1.49468 1.49172 1.48847 1.47889 1.47702 1.47901 1.49061 1.48924 1.48378 1.48994 1.49209 1.49846 1.51732 1.53342 1.54549 1.54537 1.59972 1.64113 1.65415 1.67379 1.70146 1.77674 1.77658 1.86301 2.07149 2.11506 2.10467 2.37582 1.95509 1.41404 1.21136 1.23481 1.09766 1.01006 1.01525 1.00009 1.00036 1.00004 1 1 1 1 1 1 1 1 1 1 1 1 1 1 1 1 1 1 1 1 1.01463 1.05123 1.11085 1.20513 
1.3535 1.19972 1.11085 1.05123 1.01463 1 1 1 1 1 1 1 1 1 1 1 1 1 1 1 1 1 1 1 1 1 1 1.00003 1.00031 1.00051 1.00438 1.00466 1.17135 1.20656 1.35136 1.68023 2.1871 2.09441 2.06457 1.92592 1.77237 1.69309 1.64767 1.59674 1.55291 1.53895 1.52843 1.50701 1.4872 1.46875 1.45367 1.44622 1.44108 1.4334 1.42976 1.42919 1.42961 1.43312 1.43633 1.43749 1.44102 1.44826 1.45686 1.4653 1.47625 1.48848 1.49397 1.53655 1.55366 1.56604 1.57668 1.60788 1.63343 1.641 1.72147 1.77857 1.8107 1.92012 2.03506 2.13492 2.34596 1.85719 1.40903 1.24066 1.17554 1.01737 1.02669 1.00003 1.00049 1.00006 1 1 1 1 1 1 1 1 1 1 1 1 1 1 1 1 1 1 1 1.01463 1.05123 1.11085 1.20513 
1.3535 1.19972 1.11085 1.05123 1.01463 1 1 1 1 1 1 1 1 1 1 1 1 1 1 1 1 1 1 1 1 1 1.00002 1.00044 1.00274 1.00269 1.03957 1.204 1.08535 1.53132 2.19514 2.20644 2.0179 1.88811 1.78364 1.72182 1.65462 1.60009 1.55785 1.53616 1.50543 1.48639 1.47181 1.45503 1.43633 1.42395 1.41363 1.4068 1.40048 1.39643 1.39366 1.39227 1.39219 1.39345 1.39349 1.3953 1.39906 1.40369 1.40979 1.4181 1.43042 1.44234 1.45349 1.4759 1.49212 1.50641 1.51495 1.54066 1.55258 1.57305 1.60705 1.63999 1.69091 1.70288 1.7612 1.91717 2.03804 2.30029 2.22989 1.6479 1.20413 1.25405 1.01883 1.03704 1.00004 1.00067 1.00006 1 1 1 1 1 1 1 1 1 1 1 1 1 1 1 1 1 1 1.01463 1.05123 1.11085 1.20513 
1.3535 1.19972 1.11085 1.05123 1.01463 1 1 1 1 1 1 1 1 1 1 1 1 1 1 1 1 1 1 1 1 1.00002 1.00035 1.00422 1.00179 1.08487 1.17825 1.26446 1.75198 2.16718 2.05615 1.9767 1.85315 1.70205 1.66713 1.61897 1.56734 1.53834 1.51006 1.48505 1.4608 1.44533 1.42802 1.40981 1.39584 1.38789 1.38062 1.37516 1.37017 1.36617 1.3634 1.36166 1.36157 1.36186 1.36291 1.36215 1.36325 1.36635 1.37114 1.38117 1.39401 1.4037 1.4156 1.42889 1.4488 1.45943 1.46666 1.48366 1.49242 1.5118 1.54015 1.56711 1.58594 1.59562 1.66202 1.7276 1.84079 1.97994 2.21259 2.28902 1.70856 1.1748 1.29011 1.01859 1.04099 1.00001 1.00065 1.00005 1 1 1 1 1 1 1 1 1 1 1 1 1 1 1 1 1 1.01463 1.05123 1.11085 1.20513 
1.3535 1.19972 1.11085 1.05123 1.01463 1 1 1 1 1 1 1 1 1 1 1 1 1 1 1 1 1 1 1 1.00003 1.00051 1.00463 1.00083 1.14089 1.1044 1.48857 2.02222 2.12825 1.98442 1.86445 1.74497 1.6679 1.62932 1.57874 1.55117 1.52143 1.48534 1.4608 1.4427 1.42121 1.40517 1.39102 1.37768 1.36804 1.35941 1.35158 1.34532 1.34039 1.33615 1.33359 1.33145 1.33088 1.33109 1.3326 1.3339 1.33415 1.33581 1.33999 1.34617 1.35336 1.36305 1.37498 1.38639 1.39737 1.4106 1.42163 1.4322 1.4484 1.47098 1.48667 1.50463 1.51549 1.53592 1.58854 1.63099 1.68664 1.80929 1.8912 2.15586 2.26154 1.71288 1.21097 1.28221 1.02428 1.0367 1.00004 1.00039 1.00003 1 1 1 1 1 1 1 1 1 1 1 1 1 1 1 1 1.01463 1.05123 1.11085 1.20513 
1.3535 1.19972 1.11085 1.05123 1.01463 1 1 1 1 1 1 1 1 1 1 1 1 1 1 1 1 1 1 1.00002 1.00035 1.00309 1.0015 1.13946 1.04528 1.52109 2.12792 2.15005 1.88703 1.83519 1.70958 1.6508 1.60008 1.55153 1.52594 1.4936 1.47162 1.45118 1.42414 1.39974 1.38397 1.37044 1.35726 1.34646 1.3372 1.32872 1.32124 1.31505 1.31023 1.30633 1.30388 1.30265 1.30196 1.30195 1.3024 1.30304 1.3042 1.30667 1.3104 1.31632 1.32428 1.33311 1.34267 1.35216 1.36143 1.37001 1.37966 1.3902 1.40212 1.41683 1.43412 1.45069 1.46794 1.49602 1.52525 1.54906 1.62137 1.65884 1.75409 1.86618 2.02819 2.28456 1.67945 1.20198 1.26826 1.01836 1.02906 1.00007 1.00024 1.00002 1 1 1 1 1 1 1 1 1 1 1 1 1 1 1 1.01463 1.05123 1.11085 1.20513 
1.3535 1.19972 1.11085 1.05123 1.01463 1 1 1 1 1 1 1 1 1 1 1 1 1 1 1 1 1 1 1.00005 1.00055 1.00265 1.08093 1.105 1.50748 2.15249 2.06311 1.91459 1.77076 1.68368 1.64612 1.57562 1.54175 1.51 1.47952 1.4501 1.42868 1.40553 1.38395 1.36771 1.35366 1.34074 1.32925 1.31879 1.30938 1.30087 1.29344 1.28707 1.28208 1.27823 1.27541 1.27404 1.27367 1.27348 1.27374 1.27461 1.27654 1.27963 1.28425 1.2908 1.29868 1.30711 1.31577 1.32402 1.33183 1.33979 1.34786 1.3557 1.36396 1.37372 1.38718 1.40666 1.42903 1.448 1.47365 1.5099 1.54318 1.5774 1.6504 1.72247 1.80168 2.04634 2.22694 1.66595 1.19338 1.24429 1.0155 1.018 1.00006 1.00012 1.00001 1 1 1 1 1 1 1 1 1 1 1 1 1 1 1.01463 1.05123 1.11085 1.20513 
1.3535 1.19972 1.11085 1.05123 1.01463 1 1 1 1 1 1 1 1 1 1 1 1 1 1 1 1 1 1 1.00001 1.00279 1.03631 1.15444 1.46341 2.11994 2.06625 1.96038 1.7752 1.67307 1.61086 1.5737 1.53564 1.49433 1.46622 1.44306 1.41351 1.39049 1.37026 1.35498 1.34109 1.3278 1.31547 1.30384 1.29311 1.28338 1.27477 1.26709 1.26063 1.25539 1.25141 1.24858 1.24682 1.24583 1.24582 1.24662 1.24806 1.25031 1.25376 1.2587 1.26496 1.2723 1.28032 1.28808 1.29556 1.30273 1.30993 1.31752 1.32535 1.33411 1.34407 1.35489 1.36691 1.38312 1.40528 1.43432 1.46135 1.48863 1.5314 1.57576 1.60539 1.70897 1.79377 2.04873 2.23546 1.65084 1.16508 1.19416 1.01211 1.00878 1.00016 1.00005 1 1 1 1 1 1 1 1 1 1 1 1 1 1 1.01463 1.05123 1.11085 1.20513 
1.3535 1.19972 1.11085 1.05123 1.01463 1 1 1 1 1 1 1 1 1 1 1 1 1 1 1 1 1.00003 1.00018 1.00564 1.00397 1.17041 1.25125 1.98635 2.15032 1.90603 1.77512 1.73151 1.62154 1.56053 1.51731 1.48616 1.45661 1.42985 1.40125 1.38011 1.36154 1.34589 1.33094 1.31656 1.30315 1.29046 1.27864 1.26783 1.25796 1.2492 1.24154 1.23496 1.22962 1.22552 1.22257 1.22076 1.22001 1.22013 1.22098 1.22265 1.22526 1.22899 1.23393 1.23996 1.24671 1.25365 1.26047 1.26703 1.27346 1.27999 1.28709 1.29504 1.30408 1.31423 1.32557 1.33829 1.35221 1.36732 1.38647 1.41874 1.45178 1.47885 1.50993 1.56199 1.60538 1.71096 1.80283 2.03394 2.19041 1.60818 1.16314 1.12062 1.00655 1.00309 1.00017 1.00001 1 1 1 1 1 1 1 1 1 1 1 1 1 1.01463 1.05123 1.11085 1.20513 
1.3535 1.19972 1.11085 1.05123 1.01463 1 1 1 1 1 1 1 1 1 1 1 1 1 1 1 1.00003 1.00052 1.00431 1.00061 1.13794 1.06794 1.69806 2.12399 1.87895 1.76257 1.67171 1.62174 1.5829 1.51932 1.48321 1.44969 1.41826 1.39314 1.37325 1.35473 1.33773 1.32172 1.30646 1.29203 1.27848 1.26578 1.25397 1.24316 1.23332 1.22446 1.21674 1.2102 1.2048 1.20064 1.19779 1.19614 1.19553 1.1958 1.19684 1.19867 1.2014 1.20518 1.21001 1.2156 1.22157 1.22755 1.23333 1.2389 1.24451 1.2505 1.2573 1.26522 1.27443 1.28486 1.29668 1.31004 1.3247 1.34069 1.35745 1.3766 1.40894 1.44282 1.47549 1.51105 1.56398 1.61006 1.72677 1.8618 2.13378 2.16241 1.51495 1.16644 1.05509 1.00527 1.0003 1.00001 1 1 1 1 1 1 1 1 1 1 1 1 1 1.01463 1.05123 1.11085 1.20513 
1.3535 1.19972 1.11085 1.05123 1.01463 1 1 1 1 1 1 1 1 1 1 1 1 1 1 1 1 1.0001 1.00555 1.0404 1.17021 1.43769 2.11456 1.95819 1.81385 1.68181 1.61318 1.56285 1.51977 1.48658 1.44548 1.41134 1.38856 1.36851 1.3488 1.33074 1.31385 1.2976 1.28229 1.26794 1.25446 1.24188 1.23017 1.21939 1.20958 1.2008 1.1931 1.18656 1.18124 1.17723 1.17446 1.17287 1.17232 1.17268 1.17384 1.17579 1.1786 1.18227 1.18671 1.19169 1.19681 1.20179 1.20658 1.21131 1.21628 1.22188 1.22842 1.2362 1.24547 1.2564 1.26874 1.28255 1.29784 1.3145 1.33242 1.35136 1.37249 1.40691 1.44252 1.47673 1.51367 1.57885 1.65276 1.7628 1.89315 2.18177 2.06556 1.29054 1.14768 1.01051 1.00515 1.00031 1.00002 1 1 1 1 1 1 1 1 1 1 1 1 1.01463 1.05123 1.11085 1.20513 
1.3535 1.19972 1.11085 1.05123 1.01463 1 1 1 1 1 1 1 1 1 1 1 1 1 1 1.00001 1.00012 1.0028 1.01192 1.11809 1.27574 2.07379 2.04034 1.85202 1.71143 1.65237 1.57682 1.5209 1.48733 1.4467 1.40871 1.38645 1.36561 1.34517 1.32587 1.3074 1.29025 1.27413 1.25896 1.24466 1.23125 1.21873 1.20713 1.19648 1.1868 1.17815 1.17061 1.16421 1.15905 1.15515 1.15247 1.15094 1.15045 1.15086 1.15208 1.15405 1.15679 1.1602 1.16413 1.16832 1.17252 1.17652 1.18041 1.1844 1.18885 1.19412 1.20057 1.20844 1.21786 1.22895 1.24179 1.25624 1.27215 1.28949 1.3082 1.32812 1.34874 1.37165 1.40816 1.44562 1.48293 1.53578 1.58628 1.66378 1.81179 1.96146 2.19448 1.67745 1.11189 1.11134 1.00206 1.00218 1.00022 1.00001 1 1 1 1 1 1 1 1 1 1 1 1.01463 1.05123 1.11085 1.20513 
1.3535 1.19972 1.11085 1.05123 1.01463 1 1 1 1 1 1 1 1 1 1 1 1 1 1.00001 1.00012 1.00128 1.00114 1.08549 1.09172 1.60447 2.17195 1.95555 1.74358 1.66655 1.58584 1.54362 1.49193 1.45349 1.41502 1.38774 1.36556 1.34395 1.32322 1.30338 1.2851 1.2679 1.25167 1.23638 1.22206 1.2087 1.19629 1.18487 1.17442 1.16496 1.15657 1.14926 1.14311 1.13815 1.1344 1.13185 1.13042 1.13 1.13044 1.13165 1.13354 1.13605 1.13905 1.14235 1.1457 1.14893 1.15201 1.15509 1.15846 1.16251 1.1676 1.17404 1.18203 1.19171 1.20313 1.21633 1.23129 1.2479 1.26597 1.28539 1.30604 1.32785 1.35025 1.37482 1.41283 1.45662 1.49604 1.54975 1.62927 1.69618 1.8585 2.01982 2.14339 1.24399 1.1813 1.00753 1.00749 1.00074 1.00004 1 1 1 1 1 1 1 1 1 1 1 1.01463 1.05123 1.11085 1.20513 
1.3535 1.19972 1.11085 1.05123 1.01463 1 1 1 1 1 1 1 1 1 1 1 1 1 1.00003 1.00054 1.00475 1.00357 1.15251 1.1867 2.06527 2.0062 1.87366 1.69915 1.61442 1.55623 1.50528 1.46525 1.42494 1.39317 1.36946 1.34584 1.32342 1.30221 1.28261 1.26405 1.24649 1.23001 1.21461 1.20025 1.18696 1.17473 1.16353 1.15335 1.14422 1.13614 1.12915 1.1233 1.11861 1.11509 1.11271 1.11138 1.11101 1.11145 1.11257 1.11428 1.11645 1.11891 1.12148 1.12397 1.12629 1.12853 1.13094 1.13384 1.13763 1.14265 1.14915 1.15733 1.16731 1.17913 1.19278 1.20821 1.22539 1.24416 1.26432 1.28575 1.30831 1.33183 1.35583 1.3816 1.42509 1.46923 1.51895 1.56346 1.64345 1.73258 1.91381 2.04744 1.6582 1.13044 1.09137 1.00467 1.00108 1.0001 1.00001 1 1 1 1 1 1 1 1 1 1 1.01463 1.05123 1.11085 1.20513 
1.3535 1.19972 1.11085 1.05123 1.01463 1 1 1 1 1 1 1 1 1 1 1 1 1 1.00004 1.00044 1.0032 1.06144 1.11302 1.55858 2.03633 1.93332 1.76107 1.67216 1.58261 1.5273 1.48209 1.44197 1.40185 1.37632 1.35149 1.32697 1.30433 1.2832 1.26312 1.24407 1.22615 1.2094 1.19383 1.17944 1.16624 1.15418 1.14322 1.13338 1.12461 1.11693 1.11034 1.10486 1.1005 1.09725 1.09506 1.09385 1.09351 1.09389 1.09486 1.09629 1.09802 1.09987 1.10167 1.10333 1.10485 1.10641 1.1083 1.11091 1.11457 1.11961 1.12627 1.13471 1.14502 1.15724 1.17136 1.18731 1.20501 1.22439 1.24529 1.26744 1.29074 1.31498 1.34011 1.36525 1.39429 1.44339 1.48549 1.53776 1.60803 1.70882 1.82718 2.06188 2.0112 1.20112 1.1343 1.00784 1.0031 1.00024 1.00002 1 1 1 1 1 1 1 1 1 1 1.01463 1.05123 1.11085 1.20513 
1.3535 1.19972 1.11085 1.05123 1.01463 1 1 1 1 1 1 1 1 1 1 1 1 1.00001 1.00016 1.00165 1.00404 1.10589 1.16471 1.94953 2.08017 1.8584 1.73953 1.63113 1.56091 1.5083 1.46318 1.41581 1.38585 1.36013 1.33425 1.31009 1.28732 1.26562 1.24495 1.22542 1.2071 1.19005 1.17431 1.15986 1.1467 1.13479 1.1241 1.1146 1.10624 1.099 1.09286 1.08781 1.08383 1.08089 1.07892 1.07783 1.0775 1.07778 1.07853 1.0796 1.08081 1.08202 1.08309 1.08401 1.08488 1.08595 1.08753 1.09 1.09368 1.09886 1.10574 1.11447 1.12514 1.13778 1.15236 1.16883 1.18709 1.20702 1.2285 1.25135 1.27533 1.30031 1.32601 1.35245 1.37879 1.41685 1.46155 1.51491 1.57358 1.63038 1.74658 1.98933 2.07682 1.49257 1.1358 1.03822 1.00481 1.00004 1 1 1 1 1 1 1 1 1 1 1 1.01463 1.05123 1.11085 1.20513 
1.3535 1.19972 1.11085 1.05123 1.01463 1 1 1 1 1 1 1 1 1 1 1 1 1 1.00004 1.00246 1.02372 1.09947 1.40166 2.03821 2.102 1.83332 1.68447 1.60623 1.53744 1.48218 1.43794 1.3995 1.37255 1.34548 1.31964 1.2953 1.27196 1.2496 1.22833 1.20831 1.18958 1.17221 1.15623 1.14167 1.12851 1.11674 1.10629 1.09713 1.08919 1.08242 1.07677 1.07219 1.06862 1.06601 1.06427 1.06329 1.06295 1.06309 1.06357 1.06424 1.06492 1.06551 1.06594 1.06627 1.06669 1.06747 1.06894 1.07145 1.07529 1.0807 1.08787 1.09694 1.10799 1.12104 1.13608 1.15303 1.17181 1.19229 1.21429 1.23769 1.26235 1.28795 1.31428 1.34129 1.36839 1.3993 1.44728 1.49376 1.54075 1.62952 1.76448 1.87714 2.04722 1.72699 1.07946 1.08938 1.00164 1.00162 1.00016 1.00001 1 1 1 1 1 1 1 1 1 1.01463 1.05123 1.11085 1.20513 
1.3535 1.19972 1.11085 1.05123 1.01463 1 1 1 1 1 1 1 1 1 1 1 1 1.00003 1.0004 1.00151 1.05065 1.07528 1.60499 2.11993 1.99968 1.82888 1.67513 1.58281 1.52332 1.47003 1.42112 1.38874 1.36075 1.33315 1.30726 1.28226 1.25827 1.23529 1.21351 1.19297 1.1738 1.15606 1.13982 1.12509 1.11189 1.1002 1.08996 1.08111 1.07358 1.06727 1.06211 1.05801 1.05488 1.05261 1.0511 1.05022 1.04985 1.04982 1.05001 1.05026 1.05045 1.0505 1.05044 1.05039 1.05057 1.05128 1.05285 1.05556 1.05967 1.06541 1.07293 1.08237 1.0938 1.10726 1.12272 1.14013 1.15938 1.18035 1.20286 1.22676 1.25191 1.27805 1.30494 1.33241 1.3603 1.38832 1.43107 1.48383 1.54784 1.62708 1.71417 1.89665 2.13863 1.84006 1.08571 1.10936 1.0004 1.00278 1.0003 1.00002 1 1 1 1 1 1 1 1 1 1.01463 1.05123 1.11085 1.20513 
1.3535 1.19972 1.11085 1.05123 1.01463 1 1 1 1 1 1 1 1 1 1 1 1.00001 1.00015 1.00155 1.00006 1.07545 1.01641 1.69475 2.18393 1.9637 1.76201 1.6538 1.57352 1.51304 1.4572 1.41026 1.37944 1.35042 1.3231 1.29671 1.27112 1.24649 1.22295 1.2006 1.17957 1.15993 1.1418 1.12525 1.11031 1.09701 1.08535 1.07525 1.06667 1.0595 1.05363 1.04895 1.04532 1.0426 1.04067 1.03938 1.03859 1.03817 1.03797 1.03787 1.03775 1.03753 1.03719 1.03683 1.03662 1.03681 1.03768 1.03951 1.04257 1.04707 1.05319 1.06111 1.07093 1.08274 1.09659 1.11245 1.13027 1.14994 1.17134 1.1943 1.21863 1.24416 1.27077 1.29808 1.32594 1.35421 1.38269 1.4192 1.47627 1.52795 1.59332 1.69837 1.87306 2.03136 1.91338 1.26459 1.09108 1.00642 1.00176 1.00009 1.00001 1 1 1 1 1 1 1 1 1 1.01463 1.05123 1.11085 1.20513 
1.3535 1.19972 1.11085 1.05123 1.01463 1 1 1 1 1 1 1 1 1 1 1 1.00001 1.00018 1.0018 1.00011 1.08094 1.01635 1.73543 2.08896 1.95544 1.76213 1.64307 1.56303 1.50073 1.44528 1.40278 1.37094 1.34268 1.31502 1.28806 1.26188 1.23671 1.21266 1.18979 1.16824 1.14813 1.12959 1.11269 1.0975 1.08405 1.07234 1.06233 1.05394 1.04707 1.04158 1.03733 1.03412 1.0318 1.03017 1.02908 1.02837 1.0279 1.02755 1.02721 1.02681 1.02631 1.02579 1.02536 1.02524 1.02567 1.0269 1.02917 1.03269 1.03765 1.04421 1.05254 1.06275 1.07494 1.08914 1.10537 1.12354 1.14357 1.16532 1.18865 1.21332 1.23917 1.26608 1.29373 1.32191 1.3504 1.37932 1.41465 1.46619 1.52295 1.59499 1.68548 1.80956 2.00732 1.92552 1.31362 1.09407 1.00665 1.00164 1.00007 1 1 1 1 1 1 1 1 1 1 1.01463 1.05123 1.11085 1.20513 
1.3535 1.19972 1.11085 1.05123 1.01463 1 1 1 1 1 1 1 1 1 1 1 1.00001 1.00018 1.00182 1.00016 1.08209 1.01471 1.71237 2.0692 1.94491 1.75249 1.63468 1.55443 1.49493 1.44102 1.39699 1.36526 1.33705 1.30889 1.28133 1.25471 1.22909 1.20453 1.18115 1.1591 1.13854 1.11957 1.1023 1.08682 1.07316 1.06135 1.05134 1.04306 1.03641 1.03122 1.02732 1.02448 1.02249 1.02113 1.02021 1.01956 1.01907 1.01861 1.01812 1.01757 1.017 1.01651 1.01627 1.01648 1.01736 1.01913 1.02197 1.02604 1.03151 1.03854 1.04728 1.05787 1.0704 1.08494 1.10147 1.11994 1.14025 1.16229 1.18588 1.21082 1.23692 1.26399 1.29186 1.32024 1.34887 1.37805 1.41435 1.46663 1.52136 1.5844 1.67566 1.81525 2.03275 1.94241 1.26248 1.09606 1.00694 1.00178 1.00009 1.00001 1 1 1 1 1 1 1 1 1 1.01463 1.05123 1.11085 1.20513 
1.3535 1.19972 1.11085 1.05123 1.01463 1 1 1 1 1 1 1 1 1 1 1 1.00001 1.0001 1.00113 1.00066 1.07361 1.05409 1.69387 2.15662 1.92553 1.72274 1.61486 1.54245 1.49126 1.44176 1.39343 1.36168 1.33316 1.30454 1.27671 1.2497 1.22364 1.19861 1.17476 1.15225 1.13123 1.11184 1.0942 1.07839 1.06449 1.0525 1.04242 1.03417 1.02764 1.02266 1.01901 1.01645 1.01471 1.01357 1.01279 1.01222 1.01174 1.01125 1.01074 1.01023 1.0098 1.00959 1.00978 1.01055 1.01208 1.01452 1.01802 1.02269 1.0287 1.03619 1.04533 1.05626 1.06911 1.08392 1.10071 1.11941 1.13994 1.16219 1.18596 1.21104 1.2373 1.26446 1.29243 1.3209 1.34955 1.37879 1.41887 1.47028 1.52842 1.60004 1.69949 1.88095 2.03743 1.86272 1.07994 1.12632 1.00037 1.00387 1.00045 1.00003 1 1 1 1 1 1 1 1 1 1.01463 1.05123 1.11085 1.20513 
1.3535 1.19972 1.11085 1.05123 1.01463 1 1 1 1 1 1 1 1 1 1 1 1 1.00002 1.00043 1.0117 1.04878 1.20775 1.59711 2.17515 1.93405 1.72277 1.61278 1.54216 1.48773 1.4402 1.39325 1.36008 1.33123 1.30234 1.27423 1.24682 1.22037 1.19495 1.17067 1.14774 1.1263 1.10651 1.08848 1.07234 1.05814 1.04593 1.0357 1.02739 1.02088 1.016 1.0125 1.01012 1.00856 1.00757 1.00692 1.00644 1.00603 1.00563 1.00526 1.00499 1.00494 1.00525 1.0061 1.00762 1.00994 1.01315 1.01734 1.02264 1.02917 1.0371 1.0466 1.05784 1.07094 1.08598 1.10297 1.12184 1.14252 1.16488 1.18876 1.21392 1.24024 1.26737 1.29528 1.32376 1.35225 1.38241 1.42807 1.47482 1.51862 1.59215 1.696 1.85747 2.06317 1.79032 1.02036 1.11783 1.00002 1.00363 1.00042 1.00003 1 1 1 1 1 1 1 1 1 1.01463 1.05123 1.11085 1.20513 
1.3535 1.19972 1.11085 1.05123 1.01463 1 1 1 1 1 1 1 1 1 1 1 1.00002 1.0002 1.00004 1.02566 1.02396 1.30603 1.41179 2.27314 1.96769 1.75877 1.64223 1.56081 1.49777 1.44354 1.39528 1.36024 1.33111 1.30227 1.27388 1.24609 1.21932 1.19356 1.16892 1.14561 1.12379 1.10362 1.08523 1.06873 1.05422 1.04175 1.03131 1.02285 1.01627 1.01137 1.00792 1.00561 1.00416 1.00328 1.00274 1.00238 1.00212 1.00195 1.0019 1.00209 1.00264 1.0037 1.0054 1.00781 1.011 1.01501 1.01991 1.0258 1.03282 1.04114 1.05096 1.06245 1.07576 1.09097 1.10808 1.12706 1.1478 1.17022 1.19413 1.21929 1.24554 1.27259 1.30039 1.32864 1.35688 1.3896 1.43329 1.48269 1.53491 1.59554 1.68718 1.86695 2.17989 1.66611 1.13253 1.06796 1.00437 1.00038 1.00003 1 1 1 1 1 1 1 1 1 1 1.01463 1.05123 1.11085 1.20513 
1.3535 1.19972 1.11085 1.05123 1.01463 1 1 1 1 1 1 1 1 1 1 1 1.00005 1.00061 1.00015 1.03983 1.00031 1.37409 1.1647 2.1928 2.01225 1.82499 1.66112 1.56836 1.50241 1.45428 1.40068 1.36173 1.333 1.30411 1.27553 1.24752 1.22047 1.19444 1.16952 1.14589 1.12374 1.10322 1.08448 1.06765 1.05282 1.04005 1.02935 1.02068 1.01394 1.00893 1.00542 1.0031 1.00168 1.00086 1.00044 1.00026 1.00026 1.00046 1.00092 1.00178 1.00314 1.00512 1.00779 1.01117 1.01526 1.02006 1.02563 1.03206 1.0395 1.04815 1.05822 1.06991 1.08337 1.09868 1.11586 1.13486 1.15561 1.17799 1.20182 1.22688 1.25297 1.27988 1.30746 1.33549 1.36355 1.39893 1.44433 1.49407 1.55489 1.6329 1.75262 1.9389 2.12867 1.40336 1.17168 1.02497 1.00768 1.00031 1.00002 1 1 1 1 1 1 1 1 1 1 1.01463 1.05123 1.11085 1.20513 
1.3535 1.19972 1.11085 1.05123 1.01463 1 1 1 1 1 1 1 1 1 1 1 1.00004 1.00049 1.00009 1.03454 1.00152 1.35412 1.07217 2.20497 2.15255 1.82984 1.6562 1.56719 1.50336 1.46025 1.40952 1.36608 1.33689 1.30792 1.27927 1.25109 1.22382 1.19759 1.17246 1.14858 1.12615 1.10534 1.0863 1.06915 1.054 1.04092 1.02993 1.021 1.01402 1.00883 1.00518 1.00278 1.00133 1.00057 1.00028 1.00035 1.00072 1.00145 1.0026 1.0043 1.00663 1.00966 1.01336 1.01772 1.02267 1.0282 1.03435 1.04123 1.04901 1.05792 1.06818 1.08 1.09354 1.10889 1.12607 1.14504 1.16572 1.18798 1.2117 1.23657 1.26241 1.28905 1.31631 1.34395 1.37217 1.41214 1.45956 1.50539 1.57159 1.65658 1.79616 1.98686 2.01273 1.14956 1.19968 1.0006 1.01052 1.00175 1.00009 1.00001 1 1 1 1 1 1 1 1 1 1.01463 1.05123 1.11085 1.20513 
1.3535 1.19972 1.11085 1.05123 1.01463 1 1 1 1 1 1 1 1 1 1 1 1.00001 1.00009 1.00008 1.01899 1.03182 1.26595 1.30623 2.13063 2.32569 1.87521 1.69324 1.59818 1.52961 1.47339 1.4181 1.37383 1.34245 1.31363 1.28498 1.25684 1.22939 1.20302 1.17775 1.15369 1.13106 1.11001 1.09071 1.07327 1.05783 1.04444 1.03315 1.02393 1.01669 1.01125 1.00741 1.00488 1.00338 1.00267 1.00256 1.00295 1.00382 1.00521 1.00721 1.00988 1.01327 1.01737 1.02211 1.02739 1.03311 1.03926 1.04588 1.05311 1.06114 1.07023 1.0806 1.09249 1.10605 1.12138 1.13849 1.15737 1.17791 1.20003 1.22352 1.24809 1.27361 1.29998 1.32686 1.3538 1.38408 1.42881 1.47815 1.52239 1.58267 1.67656 1.84312 2.10007 1.85917 1.04336 1.14773 1.00022 1.0053 1.00067 1.00004 1 1 1 1 1 1 1 1 1 1 1.01463 1.05123 1.11085 1.20513 
1.3535 1.19972 1.11085 1.05123 1.01463 1 1 1 1 1 1 1 1 1 1 1 1 1.00001 1.00046 1.00568 1.05265 1.15664 1.38745 1.79334 2.23723 1.93193 1.76356 1.62329 1.53956 1.48167 1.43304 1.38567 1.3497 1.32129 1.29267 1.26471 1.2372 1.2107 1.18538 1.16124 1.13846 1.11725 1.09774 1.08008 1.06437 1.05071 1.03913 1.02961 1.02208 1.01638 1.01232 1.00963 1.00808 1.00745 1.00757 1.00838 1.00985 1.01202 1.01495 1.01867 1.02315 1.0283 1.03398 1.04006 1.04642 1.05304 1.06001 1.06746 1.07565 1.08482 1.09524 1.10713 1.12065 1.1359 1.15291 1.17161 1.19199 1.21391 1.23703 1.26128 1.28636 1.3123 1.33867 1.36603 1.40195 1.44454 1.49496 1.55479 1.63011 1.72068 1.91754 2.21859 1.68569 1.13081 1.07476 1.00419 1.00048 1.00004 1 1 1 1 1 1 1 1 1 1 1 1.01463 1.05123 1.11085 1.20513 
1.3535 1.19972 1.11085 1.05123 1.01463 1 1 1 1 1 1 1 1 1 1 1 1.00001 1.0001 1.00108 1.00005 1.06288 1.02259 1.44349 1.36865 2.19903 2.09893 1.78443 1.63995 1.56575 1.5001 1.45165 1.40347 1.3593 1.33079 1.3025 1.27466 1.24728 1.22068 1.19535 1.17121 1.14839 1.12707 1.10743 1.0896 1.07369 1.0598 1.04795 1.03816 1.03035 1.0244 1.02011 1.01729 1.01572 1.0152 1.01562 1.01691 1.01906 1.02208 1.02599 1.03075 1.03626 1.04236 1.04885 1.05556 1.06238 1.06932 1.07647 1.08404 1.09227 1.10146 1.11185 1.12368 1.13712 1.15226 1.16911 1.18759 1.20778 1.22941 1.25213 1.27595 1.3007 1.32605 1.35201 1.38221 1.41864 1.46138 1.51191 1.57364 1.662 1.83151 1.97936 2.10067 1.37373 1.12558 1.02021 1.00372 1.00007 1 1 1 1 1 1 1 1 1 1 1 1 1.01463 1.05123 1.11085 1.20513 
1.3535 1.19972 1.11085 1.05123 1.01463 1 1 1 1 1 1 1 1 1 1 1 1 1.00004 1.00045 1.00021 1.04126 1.03117 1.38363 1.25896 2.21243 2.14285 1.82123 1.69205 1.58577 1.51477 1.47186 1.42268 1.37518 1.3424 1.31432 1.28659 1.2595 1.23304 1.20767 1.1836 1.16082 1.1395 1.11981 1.10188 1.08584 1.07177 1.05972 1.04969 1.04164 1.03545 1.03099 1.02806 1.0265 1.02616 1.02693 1.02876 1.03163 1.03552 1.04038 1.04612 1.05254 1.05942 1.06653 1.07367 1.08076 1.08783 1.09502 1.10258 1.11078 1.1199 1.13021 1.14194 1.15525 1.17024 1.18683 1.20513 1.22506 1.24624 1.26857 1.29183 1.31613 1.34088 1.368 1.39991 1.43786 1.4831 1.52979 1.6043 1.69437 1.84512 2.12521 1.88511 1.15741 1.13326 1.00042 1.00468 1.00057 1.00003 1 1 1 1 1 1 1 1 1 1 1 1.01463 1.05123 1.11085 1.20513 
1.3535 1.19972 1.11085 1.05123 1.01463 1 1 1 1 1 1 1 1 1 1 1 1 1 1.00001 1.00086 1.01174 1.06284 1.21425 1.4296 2.03825 2.328 2.01344 1.74478 1.61759 1.55792 1.49673 1.44115 1.39652 1.35669 1.32796 1.30048 1.2737 1.24763 1.22236 1.19838 1.17575 1.15452 1.13487 1.11693 1.10083 1.08665 1.07446 1.06426 1.05602 1.04967 1.04507 1.04209 1.0406 1.04048 1.04165 1.04405 1.04764 1.05235 1.05809 1.06465 1.07181 1.07926 1.08676 1.09411 1.10126 1.1083 1.1154 1.12284 1.13092 1.13992 1.1501 1.1617 1.17487 1.18961 1.20596 1.22413 1.24362 1.26434 1.28622 1.30907 1.3325 1.3574 1.38804 1.41985 1.46446 1.5138 1.56874 1.63478 1.75487 1.89622 2.0734 1.61255 1.0645 1.06868 1.00112 1.00087 1.00008 1.00001 1 1 1 1 1 1 1 1 1 1 1 1.01463 1.05123 1.11085 1.20513 
1.3535 1.19972 1.11085 1.05123 1.01463 1 1 1 1 1 1 1 1 1 1 1 1 1 1.00005 1.00061 1.00083 1.05845 1.06271 1.43708 1.43313 2.35026 2.13451 1.81569 1.69572 1.5805 1.50674 1.4612 1.42053 1.37473 1.34387 1.31635 1.29002 1.26429 1.23942 1.21554 1.1931 1.17208 1.15256 1.1347 1.11863 1.10444 1.09219 1.08189 1.07354 1.06708 1.06241 1.05945 1.05808 1.05822 1.05981 1.06277 1.06703 1.07248 1.07894 1.08615 1.09382 1.10161 1.10925 1.11659 1.12362 1.13046 1.13735 1.1446 1.15249 1.16131 1.17133 1.18281 1.19575 1.21022 1.2266 1.24438 1.26337 1.28359 1.30492 1.32703 1.35026 1.37852 1.40845 1.44559 1.48676 1.53996 1.6054 1.70869 1.82453 2.05172 1.95088 1.43857 1.09627 1.03245 1.002 1.00004 1 1 1 1 1 1 1 1 1 1 1 1 1 1.01463 1.05123 1.11085 1.20513 
1.3535 1.19972 1.11085 1.05123 1.01463 1 1 1 1 1 1 1 1 1 1 1 1 1 1.00002 1.0002 1.00036 1.03056 1.04393 1.33458 1.31137 2.12107 2.13773 1.9438 1.7064 1.59489 1.53537 1.49095 1.44208 1.39925 1.36187 1.33438 1.3082 1.28295 1.25862 1.23509 1.2128 1.19206 1.17279 1.15512 1.13918 1.12506 1.11283 1.10252 1.09414 1.08764 1.08298 1.08009 1.07889 1.07932 1.08131 1.08478 1.08962 1.09567 1.10267 1.11032 1.11825 1.12613 1.13369 1.1408 1.14752 1.15404 1.16063 1.1676 1.17527 1.18389 1.19377 1.20507 1.21777 1.23225 1.24829 1.26557 1.2841 1.30392 1.32448 1.34653 1.37276 1.40003 1.43047 1.47307 1.51255 1.5694 1.64806 1.76513 2.01131 2.02596 1.83841 1.17241 1.07984 1.00621 1.00118 1.00003 1 1 1 1 1 1 1 1 1 1 1 1 1 1.01463 1.05123 1.11085 1.20513 
1.3535 1.19972 1.11085 1.05123 1.01463 1 1 1 1 1 1 1 1 1 1 1 1 1 1 1.00007 1.00077 1.00158 1.06835 1.07896 1.48346 1.6093 2.57898 2.07721 1.77712 1.66731 1.58568 1.52277 1.47116 1.43088 1.38439 1.35457 1.32836 1.30347 1.27974 1.25683 1.23487 1.21431 1.19537 1.17801 1.16229 1.14834 1.13622 1.12599 1.11765 1.11121 1.10662 1.10386 1.10286 1.10358 1.10594 1.10985 1.11514 1.12161 1.12895 1.13679 1.14475 1.15247 1.15972 1.16643 1.1727 1.1788 1.18502 1.19169 1.19909 1.20753 1.21734 1.22842 1.24126 1.25546 1.27093 1.28772 1.30573 1.32486 1.34572 1.36995 1.3949 1.4214 1.46211 1.50164 1.55742 1.60888 1.70121 1.82354 2.00564 2.0156 1.53808 1.04505 1.06722 1.00019 1.001 1.00009 1.00001 1 1 1 1 1 1 1 1 1 1 1 1 1.01463 1.05123 1.11085 1.20513 
1.3535 1.19972 1.11085 1.05123 1.01463 1 1 1 1 1 1 1 1 1 1 1 1 1 1 1.00002 1.0002 1.00057 1.0354 1.05594 1.35115 1.39669 2.17213 2.15983 1.9353 1.73247 1.63474 1.5504 1.50807 1.46229 1.41908 1.377 1.35056 1.32618 1.3026 1.2802 1.25896 1.23887 1.22011 1.20309 1.18772 1.17403 1.16212 1.15205 1.14384 1.13752 1.13307 1.13047 1.12969 1.13068 1.13336 1.13759 1.14319 1.1499 1.15736 1.16517 1.17292 1.18027 1.18702 1.19317 1.19892 1.20452 1.21032 1.21664 1.22386 1.23239 1.242 1.25329 1.26578 1.27939 1.29428 1.3109 1.32841 1.34831 1.37013 1.39316 1.41609 1.45198 1.49381 1.53523 1.59652 1.68819 1.78265 1.9181 1.95169 1.84861 1.19514 1.08575 1.00483 1.00101 1.00007 1 1 1 1 1 1 1 1 1 1 1 1 1 1 1.01463 1.05123 1.11085 1.20513 
1.3535 1.19972 1.11085 1.05123 1.01463 1 1 1 1 1 1 1 1 1 1 1 1 1 1 1 1.00007 1.00079 1.00191 1.07184 1.08817 1.49639 1.61782 2.48807 2.06299 1.86444 1.6938 1.61768 1.54528 1.49164 1.45446 1.41133 1.37485 1.3501 1.32753 1.30514 1.28452 1.26517 1.24701 1.23015 1.21512 1.2018 1.19019 1.18036 1.17236 1.16622 1.16195 1.15956 1.159 1.16023 1.16314 1.16759 1.17334 1.1801 1.18747 1.19504 1.20238 1.20918 1.21531 1.22082 1.22591 1.23094 1.23633 1.2425 1.24989 1.25826 1.26829 1.27919 1.29099 1.30396 1.31886 1.33496 1.35409 1.37344 1.39419 1.41739 1.44895 1.48782 1.52501 1.58027 1.64338 1.72992 1.87991 1.9294 1.96375 1.34826 1.12064 1.02309 1.00241 1.00001 1 1 1 1 1 1 1 1 1 1 1 1 1 1 1 1.01463 1.05123 1.11085 1.20513 
1.3535 1.19972 1.11085 1.05123 1.01463 1 1 1 1 1 1 1 1 1 1 1 1 1 1 1 1.00004 1.00045 1.00007 1.04305 1.03342 1.37787 1.31468 2.04319 2.36868 1.99424 1.80934 1.6689 1.58264 1.53707 1.48395 1.44692 1.4117 1.37596 1.35295 1.33219 1.31178 1.2928 1.27537 1.25918 1.24428 1.23125 1.22 1.21051 1.20279 1.19689 1.19285 1.19066 1.19031 1.19173 1.19479 1.19934 1.2051 1.21175 1.21887 1.22602 1.23281 1.23895 1.2443 1.24899 1.25338 1.25795 1.26322 1.26972 1.27712 1.28617 1.29579 1.30572 1.31735 1.33057 1.34485 1.36222 1.37957 1.39816 1.418 1.44773 1.48322 1.52138 1.57626 1.62728 1.71343 1.82638 1.87849 2.01566 1.58249 1.04267 1.09022 1.0002 1.00186 1.00018 1.00001 1 1 1 1 1 1 1 1 1 1 1 1 1 1 1.01463 1.05123 1.11085 1.20513 
1.3535 1.19972 1.11085 1.05123 1.01463 1 1 1 1 1 1 1 1 1 1 1 1 1 1 1 1 1.00004 1.0005 1.00119 1.05714 1.07886 1.42807 1.60199 2.45139 2.24167 1.91932 1.7633 1.66081 1.57954 1.51639 1.4833 1.44816 1.41384 1.3806 1.35936 1.34017 1.32206 1.30484 1.28927 1.27513 1.26241 1.25129 1.24203 1.23463 1.22905 1.22529 1.22332 1.22313 1.22467 1.2278 1.23232 1.23797 1.24438 1.25112 1.25775 1.26385 1.26917 1.27375 1.27789 1.28174 1.28613 1.29219 1.29917 1.30717 1.31517 1.32398 1.33468 1.34613 1.35909 1.37448 1.38869 1.40527 1.42612 1.45451 1.48754 1.51954 1.55964 1.62765 1.71061 1.81414 1.893 2.0504 1.85793 1.16837 1.11708 1.00119 1.00233 1.00024 1.00002 1 1 1 1 1 1 1 1 1 1 1 1 1 1 1 1.01463 1.05123 1.11085 1.20513 
1.3535 1.19972 1.11085 1.05123 1.01463 1 1 1 1 1 1 1 1 1 1 1 1 1 1 1 1 1 1.00001 1.0002 1.01252 1.05314 1.21666 1.41145 1.86446 2.41035 2.16418 1.88272 1.72717 1.61557 1.57097 1.51831 1.48561 1.4529 1.42027 1.38855 1.3689 1.35132 1.33538 1.3206 1.30679 1.29463 1.2842 1.27507 1.26778 1.26232 1.25878 1.25701 1.25698 1.25864 1.2618 1.26621 1.27168 1.27774 1.28402 1.29007 1.29558 1.30034 1.30413 1.30747 1.31169 1.31855 1.32529 1.33044 1.33737 1.34668 1.35454 1.36448 1.37711 1.38879 1.4028 1.41709 1.43682 1.46223 1.49386 1.52612 1.57552 1.62792 1.66819 1.77424 1.85787 2.01468 1.96643 1.34872 1.10562 1.01542 1.00078 1 1 1 1 1 1 1 1 1 1 1 1 1 1 1 1 1 1 1.01463 1.05123 1.11085 1.20513 
1.3535 1.19972 1.11085 1.05123 1.01463 1 1 1 1 1 1 1 1 1 1 1 1 1 1 1 1 1 1.00002 1.00026 1.00018 1.0335 1.03787 1.36227 1.34348 1.98887 2.34837 2.03746 1.81441 1.72289 1.61472 1.5739 1.52369 1.49181 1.464 1.43309 1.40128 1.38159 1.36633 1.35187 1.33903 1.32752 1.31738 1.30899 1.30231 1.29708 1.29346 1.29183 1.29186 1.29335 1.29639 1.3008 1.30591 1.31163 1.31754 1.32308 1.32831 1.33264 1.33677 1.34145 1.34717 1.35198 1.35701 1.36471 1.37091 1.37745 1.38936 1.39713 1.40819 1.41876 1.43191 1.45657 1.47437 1.49929 1.53175 1.57821 1.6221 1.70731 1.76037 1.80102 1.95883 2.01526 1.38429 1.06655 1.04561 1.00075 1.0002 1.00002 1 1 1 1 1 1 1 1 1 1 1 1 1 1 1 1 1 1.01463 1.05123 1.11085 1.20513 
1.3535 1.19972 1.11085 1.05123 1.01463 1 1 1 1 1 1 1 1 1 1 1 1 1 1 1 1 1 1 1.00007 1.00075 1.00021 1.05915 1.05583 1.46713 1.34767 2.05157 2.35312 2.0662 1.80496 1.72409 1.62676 1.58297 1.54214 1.50521 1.47651 1.44846 1.42269 1.4003 1.38357 1.37101 1.35981 1.35073 1.34305 1.33684 1.33244 1.32925 1.32752 1.32787 1.32955 1.33212 1.33624 1.34132 1.34681 1.35212 1.35777 1.36261 1.36736 1.37512 1.38098 1.38442 1.38679 1.39068 1.3954 1.40736 1.41253 1.42042 1.43446 1.44474 1.45886 1.47855 1.49184 1.51256 1.55259 1.58841 1.63126 1.69565 1.76826 1.85231 1.96619 2.05826 1.40179 1.05697 1.08339 1.00136 1.0009 1.00008 1.00001 1 1 1 1 1 1 1 1 1 1 1 1 1 1 1 1 1 1.01463 1.05123 1.11085 1.20513 
1.3535 1.19972 1.11085 1.05123 1.01463 1 1 1 1 1 1 1 1 1 1 1 1 1 1 1 1 1 1 1.00001 1.00013 1.00133 1.00049 1.08285 1.05907 1.49277 1.48457 1.99615 2.33451 2.06438 1.82112 1.73249 1.65874 1.59573 1.55474 1.52407 1.49243 1.4665 1.44705 1.42805 1.4088 1.39444 1.38448 1.37648 1.37076 1.36612 1.36362 1.36262 1.36303 1.36548 1.36895 1.37235 1.37757 1.38367 1.39111 1.39819 1.40471 1.41147 1.41317 1.41527 1.42317 1.42497 1.42882 1.43581 1.44724 1.45951 1.46694 1.47985 1.48936 1.49908 1.52397 1.54339 1.571 1.59408 1.66237 1.69311 1.75703 1.87694 2.0447 2.0186 1.40711 1.08186 1.10231 1.00148 1.00253 1.0002 1.00001 1 1 1 1 1 1 1 1 1 1 1 1 1 1 1 1 1 1 1.01463 1.05123 1.11085 1.20513 
1.3535 1.19972 1.11085 1.05123 1.01463 1 1 1 1 1 1 1 1 1 1 1 1 1 1 1 1 1 1 1 1.00001 1.00019 1.00188 1.00117 1.10176 1.06275 1.46282 1.53388 2.01538 2.34813 2.07152 1.87174 1.765 1.67517 1.62588 1.56964 1.54123 1.51895 1.49647 1.47554 1.45554 1.43977 1.42931 1.41781 1.41022 1.40595 1.40387 1.40288 1.40316 1.40537 1.40861 1.41231 1.41819 1.42841 1.43614 1.4435 1.44928 1.45875 1.45967 1.45941 1.46436 1.47547 1.47938 1.4842 1.49891 1.52377 1.52287 1.53155 1.53287 1.54097 1.5637 1.61116 1.6321 1.66958 1.70484 1.80447 1.86118 2.09232 1.97489 1.40974 1.05668 1.10599 1.00086 1.00473 1.00049 1.00003 1 1 1 1 1 1 1 1 1 1 1 1 1 1 1 1 1 1 1 1.01463 1.05123 1.11085 1.20513 
1.3535 1.19972 1.11085 1.05123 1.01463 1 1 1 1 1 1 1 1 1 1 1 1 1 1 1 1 1 1 1 1 1.00002 1.00029 1.00272 1.00127 1.1117 1.0763 1.46196 1.47975 2.0477 2.40255 2.15692 1.92775 1.80546 1.70082 1.6483 1.6044 1.57365 1.5396 1.52309 1.50648 1.49467 1.48166 1.47469 1.46375 1.45756 1.45534 1.45402 1.45443 1.45663 1.45984 1.46544 1.47325 1.48217 1.48933 1.49363 1.49666 1.50651 1.51627 1.51367 1.52878 1.53532 1.54291 1.54235 1.55806 1.57012 1.5656 1.57576 1.57763 1.60542 1.6258 1.68069 1.72502 1.72823 1.83067 1.9325 2.05956 1.86809 1.38081 1.06524 1.09104 1.00143 1.00485 1.00039 1.00004 1 1 1 1 1 1 1 1 1 1 1 1 1 1 1 1 1 1 1 1 1.01463 1.05123 1.11085 1.20513 
1.3535 1.19972 1.11085 1.05123 1.01463 1 1 1 1 1 1 1 1 1 1 1 1 1 1 1 1 1 1 1 1 1 1.00003 1.00045 1.0041 1.00081 1.10888 1.06262 1.48154 1.35 2.0175 2.40886 2.28372 1.99192 1.87215 1.73706 1.70033 1.64034 1.5999 1.58461 1.56324 1.54981 1.53279 1.52759 1.51871 1.50819 1.50692 1.50453 1.5055 1.50792 1.51288 1.52196 1.52736 1.53801 1.55089 1.5535 1.56026 1.56433 1.58711 1.58781 1.59495 1.61159 1.6093 1.60483 1.62391 1.59529 1.59455 1.63776 1.65317 1.66318 1.70571 1.75334 1.90885 1.93021 1.98562 2.01835 1.59159 1.19026 1.10985 1.05253 1.00135 1.00273 1.00049 1.00004 1 1 1 1 1 1 1 1 1 1 1 1 1 1 1 1 1 1 1 1 1 1.01463 1.05123 1.11085 1.20513 
1.3535 1.19972 1.11085 1.05123 1.01463 1 1 1 1 1 1 1 1 1 1 1 1 1 1 1 1 1 1 1 1 1 1 1.00003 1.00054 1.00407 1.00141 1.09827 1.05834 1.44972 1.33975 1.80863 2.47486 2.37353 2.09369 1.94989 1.83424 1.75357 1.69971 1.65963 1.63183 1.61642 1.59755 1.59338 1.58731 1.56927 1.56687 1.56614 1.56692 1.5709 1.57737 1.59304 1.59962 1.60657 1.63255 1.63777 1.63847 1.64567 1.65796 1.69714 1.68351 1.69045 1.68036 1.63935 1.63525 1.64324 1.66849 1.71853 1.76847 1.77879 1.79849 1.94633 2.02308 2.09654 1.92571 1.36486 1.04482 1.12154 1.02007 1.00073 1.00106 1.00021 1.00003 1 1 1 1 1 1 1 1 1 1 1 1 1 1 1 1 1 1 1 1 1 1 1.01463 1.05123 1.11085 1.20513 
1.3535 1.19972 1.11085 1.05123 1.01463 1 1 1 1 1 1 1 1 1 1 1 1 1 1 1 1 1 1 1 1 1 1 1 1.00003 1.00047 1.0026 1.00099 1.08003 1.05141 1.3491 1.37786 1.63208 2.01007 2.55309 2.2159 2.13176 2.01263 1.83967 1.7958 1.75845 1.71311 1.68384 1.68051 1.66641 1.64029 1.63928 1.64152 1.64181 1.64884 1.65698 1.68682 1.70346 1.70604 1.7274 1.76395 1.75476 1.75868 1.77681 1.79674 1.79622 1.76126 1.68902 1.68225 1.71475 1.76276 1.81817 1.86188 1.8942 2.01872 2.01133 2.08666 1.94375 1.54862 1.21019 1.12868 1.09394 1.00161 1.00089 1.0003 1.0001 1.00001 1 1 1 1 1 1 1 1 1 1 1 1 1 1 1 1 1 1 1 1 1 1 1 1.01463 1.05123 1.11085 1.20513 
1.3535 1.19972 1.11085 1.05123 1.01463 1 1 1 1 1 1 1 1 1 1 1 1 1 1 1 1 1 1 1 1 1 1 1 1 1.00003 1.00028 1.00184 1.0005 1.05726 1.03814 1.19043 1.38553 1.37601 1.63813 2.1455 2.414 2.39358 2.16204 2.07782 1.94342 1.8905 1.8739 1.84844 1.79526 1.75709 1.7534 1.75189 1.75358 1.76552 1.77808 1.81655 1.86957 1.89264 1.89546 1.89886 1.95414 1.89789 1.92021 1.84919 1.85548 1.87734 1.84198 1.87544 1.87214 1.87796 2.16493 2.12712 2.06464 1.94836 1.75099 1.49972 1.17769 1.05297 1.09371 1.02305 1.00025 1.0022 1 1.00002 1.00001 1 1 1 1 1 1 1 1 1 1 1 1 1 1 1 1 1 1 1 1 1 1 1 1 1.01463 1.05123 1.11085 1.20513 
1.3535 1.19972 1.11085 1.05123 1.01463 1 1 1 1 1 1 1 1 1 1 1 1 1 1 1 1 1 1 1 1 1 1 1 1 1 1.00002 1.00018 1.00127 1.00019 1.03198 1.0455 1.06114 1.30093 1.45007 1.36685 1.53791 2.153 2.26846 2.26866 2.32518 2.32951 2.22427 2.09913 2.05216 2.02341 2.01802 1.99665 1.9968 1.99231 2.01301 2.04047 2.09105 2.20624 2.30373 2.22567 2.08012 1.99888 1.96019 1.84011 1.88576 2.07112 2.03585 2.03404 2.00138 1.87491 1.87482 1.71613 1.50446 1.17548 1.06329 1.12451 1.10802 1.07038 1.00517 1.00269 1.00199 1.00023 1 1 1 1 1 1 1 1 1 1 1 1 1 1 1 1 1 1 1 1 1 1 1 1 1 1 1 1.01463 1.05123 1.11085 1.20513 
1.3535 1.19972 1.11085 1.05123 1.01463 1 1 1 1 1 1 1 1 1 1 1 1 1 1 1 1 1 1 1 1 1 1 1 1 1 1 1.00001 1.00012 1.00071 1.00019 1.00918 1.04369 1.0313 1.06156 1.3241 1.43739 1.42807 1.31198 1.60477 2.02708 2.24889 2.28962 2.37848 2.42864 2.34916 2.30346 2.30366 2.3273 2.30633 2.31851 2.4348 2.39315 2.30705 2.22234 2.00481 1.54766 1.40682 1.62684 1.72954 1.74346 1.76071 1.65958 1.47081 1.1535 1.02594 1.08392 1.10152 1.13786 1.15584 1.11592 1.041 1.00592 1.00033 1.00127 1.00002 1.0002 1.00001 1 1 1 1 1 1 1 1 1 1 1 1 1 1 1 1 1 1 1 1 1 1 1 1 1 1 1 1.01463 1.05123 1.11085 1.20513 
1.3535 1.19972 1.11085 1.05123 1.01463 1 1 1 1 1 1 1 1 1 1 1 1 1 1 1 1 1 1 1 1 1 1 1 1 1 1 1 1.00001 1.00006 1.00024 1.00008 1.00072 1.02688 1.05699 1.03836 1.08053 1.26926 1.46628 1.50944 1.46045 1.34748 1.31035 1.50355 1.60468 1.6468 1.6681 1.6933 1.70194 1.69066 1.66812 1.66841 1.64033 1.49916 1.38603 1.44024 1.50664 1.46604 1.30435 1.09002 1.0126 1.05156 1.10235 1.15711 1.20266 1.19365 1.14602 1.09786 1.0461 1.00368 1.00114 1.00399 1.00209 1.00104 1.0001 1 1.00001 1 1 1 1 1 1 1 1 1 1 1 1 1 1 1 1 1 1 1 1 1 1 1 1 1 1 1 1 1.01463 1.05123 1.11085 1.20513 
1.3535 1.19972 1.11085 1.05123 1.01463 1 1 1 1 1 1 1 1 1 1 1 1 1 1 1 1 1 1 1 1 1 1 1 1 1 1 1 1 1 1.00002 1 1.00033 1.00001 1.00082 1.02927 1.05858 1.06303 1.02788 1.06315 1.26656 1.43319 1.53847 1.58368 1.59064 1.57187 1.57924 1.59984 1.61062 1.60352 1.58505 1.57918 1.56553 1.51451 1.42641 1.27747 1.0632 1.05361 1.10728 1.12885 1.13223 1.10551 1.0809 1.04514 1.00357 1.00017 1.00203 1.00238 1.00487 1.00599 1.00288 1.00003 1.00012 1.0001 1.00001 1 1 1 1 1 1 1 1 1 1 1 1 1 1 1 1 1 1 1 1 1 1 1 1 1 1 1 1 1 1 1.01463 1.05123 1.11085 1.20513 
1.3535 1.19972 1.11085 1.05123 1.01463 1 1 1 1 1 1 1 1 1 1 1 1 1 1 1 1 1 1 1 1 1 1 1 1 1 1 1 1 1 1 1 1.00003 1.00018 1.00061 1.00019 1.00153 1.01894 1.0642 1.09076 1.08311 1.05028 1.02152 1.02425 1.02991 1.0366 1.03685 1.03239 1.03347 1.03148 1.03407 1.03312 1.02609 1.02456 1.04521 1.07735 1.09677 1.07106 1.02845 1.00257 1.00003 1.00085 1.00236 1.00624 1.01051 1.01007 1.00478 1.00153 1.00009 1.00063 1.00031 1 1.00001 1.00001 1 1 1 1 1 1 1 1 1 1 1 1 1 1 1 1 1 1 1 1 1 1 1 1 1 1 1 1 1 1 1 1.01463 1.05123 1.11085 1.20513 
1.3535 1.19972 1.11085 1.05123 1.01463 1 1 1 1 1 1 1 1 1 1 1 1 1 1 1 1 1 1 1 1 1 1 1 1 1 1 1 1 1 1 1 1 1.00001 1.00005 1.00019 1.00048 1.00099 1.00012 1.00089 1.01938 1.05522 1.08884 1.10459 1.10888 1.1081 1.11241 1.1183 1.12002 1.11872 1.11231 1.10471 1.09948 1.08181 1.05495 1.02144 1.00095 1.00061 1.00281 1.00343 1.00477 1.00261 1.00096 1.00013 1.00148 1.00164 1.00059 1.00015 1.00001 1.00004 1.00002 1 1 1 1 1 1 1 1 1 1 1 1 1 1 1 1 1 1 1 1 1 1 1 1 1 1 1 1 1 1 1 1 1 1 1.01463 1.05123 1.11085 1.20513 
1.3535 1.19972 1.11085 1.05123 1.01463 1 1 1 1 1 1 1 1 1 1 1 1 1 1 1 1 1 1 1 1 1 1 1 1 1 1 1 1 1 1 1 1 1 1 1.00001 1.00004 1.00002 1.00103 1.00183 1.00164 1.00051 1.00012 1.00014 1.00022 1.00034 1.00033 1.00027 1.0003 1.00024 1.00029 1.00029 1.00016 1.00014 1.00036 1.00148 1.00207 1.00105 1.00003 1.00037 1.00059 1.00028 1.00009 1.00001 1.00008 1.00009 1.00004 1.00001 1 1 1 1 1 1 1 1 1 1 1 1 1 1 1 1 1 1 1 1 1 1 1 1 1 1 1 1 1 1 1 1 1 1 1 1 1 1.01463 1.05123 1.11085 1.20513 
1.3535 1.19972 1.11085 1.05123 1.01463 1 1 1 1 1 1 1 1 1 1 1 1 1 1 1 1 1 1 1 1 1 1 1 1 1 1 1 1 1 1 1 1 1 1 1 1 1 1.00009 1.00018 1.00002 1.00062 1.0021 1.00285 1.00292 1.00279 1.00302 1.00342 1.0035 1.00345 1.00305 1.00265 1.00258 1.00178 1.00064 1.00004 1.00021 1.0001 1 1.00002 1.00004 1.00002 1.00001 1 1.00001 1.00001 1 1 1 1 1 1 1 1 1 1 1 1 1 1 1 1 1 1 1 1 1 1 1 1 1 1 1 1 1 1 1 1 1 1 1 1 1 1 1 1.01463 1.05123 1.11085 1.20513 
1.3535 1.19972 1.11085 1.05123 1.01463 1 1 1 1 1 1 1 1 1 1 1 1 1 1 1 1 1 1 1 1 1 1 1 1 1 1 1 1 1 1 1 1 1 1 1 1 1 1.00001 1.00001 1 1.00005 1.00021 1.00031 1.00032 1.0003 1.00033 1.00038 1.0004 1.00039 1.00033 1.00028 1.00027 1.00017 1.00006 1 1.00001 1.00001 1 1 1 1 1 1 1 1 1 1 1 1 1 1 1 1 1 1 1 1 1 1 1 1 1 1 1 1 1 1 1 1 1 1 1 1 1 1 1 1 1 1 1 1 1 1 1 1.01463 1.05123 1.11085 1.20513 
1.3535 1.19972 1.11085 1.05123 1.01463 1 1 1 1 1 1 1 1 1 1 1 1 1 1 1 1 1 1 1 1 1 1 1 1 1 1 1 1 1 1 1 1 1 1 1 1 1 1 1 1 1 1.00001 1.00002 1.00002 1.00002 1.00002 1.00002 1.00002 1.00002 1.00002 1.00002 1.00002 1.00001 1 1 1 1 1 1 1 1 1 1 1 1 1 1 1 1 1 1 1 1 1 1 1 1 1 1 1 1 1 1 1 1 1 1 1 1 1 1 1 1 1 1 1 1 1 1 1 1 1 1 1 1.01463 1.05123 1.11085 1.20513 
1.3535 1.19972 1.11085 1.05123 1.01463 1 1 1 1 1 1 1 1 1 1 1 1 1 1 1 1 1 1 1 1 1 1 1 1 1 1 1 1 1 1 1 1 1 1 1 1 1 1 1 1 1 1 1 1 1 1 1 1 1 1 1 1 1 1 1 1 1 1 1 1 1 1 1 1 1 1 1 1 1 1 1 1 1 1 1 1 1 1 1 1 1 1 1 1 1 1 1 1 1 1 1 1 1 1 1 1 1 1 1 1 1 1 1 1 1.01463 1.05123 1.11085 1.20513 
1.3535 1.19972 1.11085 1.05123 1.01463 1 1 1 1 1 1 1 1 1 1 1 1 1 1 1 1 1 1 1 1 1 1 1 1 1 1 1 1 1 1 1 1 1 1 1 1 1 1 1 1 1 1 1 1 1 1 1 1 1 1 1 1 1 1 1 1 1 1 1 1 1 1 1 1 1 1 1 1 1 1 1 1 1 1 1 1 1 1 1 1 1 1 1 1 1 1 1 1 1 1 1 1 1 1 1 1 1 1 1 1 1 1 1 1 1.01463 1.05123 1.11085 1.20513 
1.3535 1.19972 1.11085 1.05123 1.01463 1 1 1 1 1 1 1 1 1 1 1 1 1 1 1 1 1 1 1 1 1 1 1 1 1 1 1 1 1 1 1 1 1 1 1 1 1 1 1 1 1 1 1 1 1 1 1 1 1 1 1 1 1 1 1 1 1 1 1 1 1 1 1 1 1 1 1 1 1 1 1 1 1 1 1 1 1 1 1 1 1 1 1 1 1 1 1 1 1 1 1 1 1 1 1 1 1 1 1 1 1 1 1 1 1.01463 1.05123 1.11085 1.20513 
1.3535 1.19972 1.11085 1.05123 1.01463 1 1 1 1 1 1 1 1 1 1 1 1 1 1 1 1 1 1 1 1 1 1 1 1 1 1 1 1 1 1 1 1 1 1 1 1 1 1 1 1 1 1 1 1 1 1 1 1 1 1 1 1 1 1 1 1 1 1 1 1 1 1 1 1 1 1 1 1 1 1 1 1 1 1 1 1 1 1 1 1 1 1 1 1 1 1 1 1 1 1 1 1 1 1 1 1 1 1 1 1 1 1 1 1 1.01463 1.05123 1.11085 1.20513 
1.3535 1.19972 1.11085 1.05123 1.01463 1 1 1 1 1 1 1 1 1 1 1 1 1 1 1 1 1 1 1 1 1 1 1 1 1 1 1 1 1 1 1 1 1 1 1 1 1 1 1 1 1 1 1 1 1 1 1 1 1 1 1 1 1 1 1 1 1 1 1 1 1 1 1 1 1 1 1 1 1 1 1 1 1 1 1 1 1 1 1 1 1 1 1 1 1 1 1 1 1 1 1 1 1 1 1 1 1 1 1 1 1 1 1 1 1.01463 1.05123 1.11085 1.20513 
1.3535 1.19972 1.11085 1.05123 1.01463 1 1 1 1 1 1 1 1 1 1 1 1 1 1 1 1 1 1 1 1 1 1 1 1 1 1 1 1 1 1 1 1 1 1 1 1 1 1 1 1 1 1 1 1 1 1 1 1 1 1 1 1 1 1 1 1 1 1 1 1 1 1 1 1 1 1 1 1 1 1 1 1 1 1 1 1 1 1 1 1 1 1 1 1 1 1 1 1 1 1 1 1 1 1 1 1 1 1 1 1 1 1 1 1 1.01463 1.05123 1.11085 1.20513 
1.3535 1.19972 1.11085 1.05123 1.01463 1 1 1 1 1 1 1 1 1 1 1 1 1 1 1 1 1 1 1 1 1 1 1 1 1 1 1 1 1 1 1 1 1 1 1 1 1 1 1 1 1 1 1 1 1 1 1 1 1 1 1 1 1 1 1 1 1 1 1 1 1 1 1 1 1 1 1 1 1 1 1 1 1 1 1 1 1 1 1 1 1 1 1 1 1 1 1 1 1 1 1 1 1 1 1 1 1 1 1 1 1 1 1 1 1.01463 1.05123 1.11085 1.20513 
1.3535 1.19972 1.11085 1.05123 1.01463 1 1 1 1 1 1 1 1 1 1 1 1 1 1 1 1 1 1 1 1 1 1 1 1 1 1 1 1 1 1 1 1 1 1 1 1 1 1 1 1 1 1 1 1 1 1 1 1 1 1 1 1 1 1 1 1 1 1 1 1 1 1 1 1 1 1 1 1 1 1 1 1 1 1 1 1 1 1 1 1 1 1 1 1 1 1 1 1 1 1 1 1 1 1 1 1 1 1 1 1 1 1 1 1 1.01463 1.05123 1.11085 1.20513 
1.3535 1.19972 1.11085 1.05123 1.01463 1 1 1 1 1 1 1 1 1 1 1 1 1 1 1 1 1 1 1 1 1 1 1 1 1 1 1 1 1 1 1 1 1 1 1 1 1 1 1 1 1 1 1 1 1 1 1 1 1 1 1 1 1 1 1 1 1 1 1 1 1 1 1 1 1 1 1 1 1 1 1 1 1 1 1 1 1 1 1 1 1 1 1 1 1 1 1 1 1 1 1 1 1 1 1 1 1 1 1 1 1 1 1 1 1.01463 1.05123 1.11085 1.20513 
1.3535 1.19972 1.11085 1.05123 1.01463 1 1 1 1 1 1 1 1 1 1 1 1 1 1 1 1 1 1 1 1 1 1 1 1 1 1 1 1 1 1 1 1 1 1 1 1 1 1 1 1 1 1 1 1 1 1 1 1 1 1 1 1 1 1 1 1 1 1 1 1 1 1 1 1 1 1 1 1 1 1 1 1 1 1 1 1 1 1 1 1 1 1 1 1 1 1 1 1 1 1 1 1 1 1 1 1 1 1 1 1 1 1 1 1 1.01463 1.05123 1.11085 1.20513 
1.3535 1.19972 1.11085 1.05123 1.01463 1 1 1 1 1 1 1 1 1 1 1 1 1 1 1 1 1 1 1 1 1 1 1 1 1 1 1 1 1 1 1 1 1 1 1 1 1 1 1 1 1 1 1 1 1 1 1 1 1 1 1 1 1 1 1 1 1 1 1 1 1 1 1 1 1 1 1 1 1 1 1 1 1 1 1 1 1 1 1 1 1 1 1 1 1 1 1 1 1 1 1 1 1 1 1 1 1 1 1 1 1 1 1 1 1.01463 1.05123 1.11085 1.20513 
1.3535 1.19972 1.11085 1.05123 1.01463 1 1 1 1 1 1 1 1 1 1 1 1 1 1 1 1 1 1 1 1 1 1 1 1 1 1 1 1 1 1 1 1 1 1 1 1 1 1 1 1 1 1 1 1 1 1 1 1 1 1 1 1 1 1 1 1 1 1 1 1 1 1 1 1 1 1 1 1 1 1 1 1 1 1 1 1 1 1 1 1 1 1 1 1 1 1 1 1 1 1 1 1 1 1 1 1 1 1 1 1 1 1 1 1 1.01463 1.05123 1.11085 1.20513 
1.3535 1.19972 1.11085 1.05123 1.01463 1 1 1 1 1 1 1 1 1 1 1 1 1 1 1 1 1 1 1 1 1 1 1 1 1 1 1 1 1 1 1 1 1 1 1 1 1 1 1 1 1 1 1 1 1 1 1 1 1 1 1 1 1 1 1 1 1 1 1 1 1 1 1 1 1 1 1 1 1 1 1 1 1 1 1 1 1 1 1 1 1 1 1 1 1 1 1 1 1 1 1 1 1 1 1 1 1 1 1 1 1 1 1 1 1.01463 1.05123 1.11085 1.20513 
1.3535 1.19972 1.11085 1.05123 1.01463 1 1 1 1 1 1 1 1 1 1 1 1 1 1 1 1 1 1 1 1 1 1 1 1 1 1 1 1 1 1 1 1 1 1 1 1 1 1 1 1 1 1 1 1 1 1 1 1 1 1 1 1 1 1 1 1 1 1 1 1 1 1 1 1 1 1 1 1 1 1 1 1 1 1 1 1 1 1 1 1 1 1 1 1 1 1 1 1 1 1 1 1 1 1 1 1 1 1 1 1 1 1 1 1 1.01463 1.05123 1.11085 1.20513 
1.3535 1.19972 1.11085 1.05123 1.01463 1 1 1 1 1 1 1 1 1 1 1 1 1 1 1 1 1 1 1 1 1 1 1 1 1 1 1 1 1 1 1 1 1 1 1 1 1 1 1 1 1 1 1 1 1 1 1 1 1 1 1 1 1 1 1 1 1 1 1 1 1 1 1 1 1 1 1 1 1 1 1 1 1 1 1 1 1 1 1 1 1 1 1 1 1 1 1 1 1 1 1 1 1 1 1 1 1 1 1 1 1 1 1 1 1.01463 1.05123 1.11085 1.20513 
1.3535 1.19972 1.11085 1.05123 1.01463 1 1 1 1 1 1 1 1 1 1 1 1 1 1 1 1 1 1 1 1 1 1 1 1 1 1 1 1 1 1 1 1 1 1 1 1 1 1 1 1 1 1 1 1 1 1 1 1 1 1 1 1 1 1 1 1 1 1 1 1 1 1 1 1 1 1 1 1 1 1 1 1 1 1 1 1 1 1 1 1 1 1 1 1 1 1 1 1 1 1 1 1 1 1 1 1 1 1 1 1 1 1 1 1 1.01463 1.05123 1.11085 1.20513 
1.3535 1.19972 1.11085 1.05123 1.01463 1 1 1 1 1 1 1 1 1 1 1 1 1 1 1 1 1 1 1 1 1 1 1 1 1 1 1 1 1 1 1 1 1 1 1 1 1 1 1 1 1 1 1 1 1 1 1 1 1 1 1 1 1 1 1 1 1 1 1 1 1 1 1 1 1 1 1 1 1 1 1 1 1 1 1 1 1 1 1 1 1 1 1 1 1 1 1 1 1 1 1 1 1 1 1 1 1 1 1 1 1 1 1 1 1.01463 1.05123 1.11085 1.20513 
1.3535 1.19972 1.11085 1.05123 1.01463 1 1 1 1 1 1 1 1 1 1 1 1 1 1 1 1 1 1 1 1 1 1 1 1 1 1 1 1 1 1 1 1 1 1 1 1 1 1 1 1 1 1 1 1 1 1 1 1 1 1 1 1 1 1 1 1 1 1 1 1 1 1 1 1 1 1 1 1 1 1 1 1 1 1 1 1 1 1 1 1 1 1 1 1 1 1 1 1 1 1 1 1 1 1 1 1 1 1 1 1 1 1 1 1 1.01463 1.05123 1.11085 1.20513 
1.3535 1.19972 1.11085 1.05123 1.01463 1 1 1 1 1 1 1 1 1 1 1 1 1 1 1 1 1 1 1 1 1 1 1 1 1 1 1 1 1 1 1 1 1 1 1 1 1 1 1 1 1 1 1 1 1 1 1 1 1 1 1 1 1 1 1 1 1 1 1 1 1 1 1 1 1 1 1 1 1 1 1 1 1 1 1 1 1 1 1 1 1 1 1 1 1 1 1 1 1 1 1 1 1 1 1 1 1 1 1 1 1 1 1 1 1.01463 1.05123 1.11085 1.20513 
1.5039 1.38144 1.2919 1.21348 1.05512 1.01463 1.01463 1.01463 1.01463 1.01463 1.01463 1.01463 1.01463 1.01463 1.01463 1.01463 1.01463 1.01463 1.01463 1.01463 1.01463 1.01463 1.01463 1.01463 1.01463 1.01463 1.01463 1.01463 1.01463 1.01463 1.01463 1.01463 1.01463 1.01463 1.01463 1.01463 1.01463 1.01463 1.01463 1.01463 1.01463 1.01463 1.01463 1.01463 1.01463 1.01463 1.01463 1.01463 1.01463 1.01463 1.01463 1.01463 1.01463 1.01463 1.01463 1.01463 1.01463 1.01463 1.01463 1.01463 1.01463 1.01463 1.01463 1.01463 1.01463 1.01463 1.01463 1.01463 1.01463 1.01463 1.01463 1.01463 1.01463 1.01463 1.01463 1.01463 1.01463 1.01463 1.01463 1.01463 1.01463 1.01463 1.01463 1.01463 1.01463 1.01463 1.01463 1.01463 1.01463 1.01463 1.01463 1.01463 1.01463 1.01463 1.01463 1.01463 1.01463 1.01463 1.01463 1.01463 1.01463 1.01463 1.01463 1.01463 1.01463 1.01463 1.01463 1.01463 1.01463 1.05512 1.21348 1.2919 1.38631 
1.74088 1.55783 1.42745 1.31522 1.21348 1.05123 1.05123 1.05123 1.05123 1.05123 1.05123 1.05123 1.05123 1.05123 1.05123 1.05123 1.05123 1.05123 1.05123 1.05123 1.05123 1.05123 1.05123 1.05123 1.05123 1.05123 1.05123 1.05123 1.05123 1.05123 1.05123 1.05123 1.05123 1.05123 1.05123 1.05123 1.05123 1.05123 1.05123 1.05123 1.05123 1.05123 1.05123 1.05123 1.05123 1.05123 1.05123 1.05123 1.05123 1.05123 1.05123 1.05123 1.05123 1.05123 1.05123 1.05123 1.05123 1.05123 1.05123 1.05123 1.05123 1.05123 1.05123 1.05123 1.05123 1.05123 1.05123 1.05123 1.05123 1.05123 1.05123 1.05123 1.05123 1.05123 1.05123 1.05123 1.05123 1.05123 1.05123 1.05123 1.05123 1.05123 1.05123 1.05123 1.05123 1.05123 1.05123 1.05123 1.05123 1.05123 1.05123 1.05123 1.05123 1.05123 1.05123 1.05123 1.05123 1.05123 1.05123 1.05123 1.05123 1.05123 1.05123 1.05123 1.05123 1.05123 1.05123 1.05123 1.05123 1.21348 1.31522 1.42745 1.56499 
2.02359 1.7606 1.5796 1.42745 1.2919 1.11085 1.11085 1.11085 1.11085 1.11085 1.11085 1.11085 1.11085 1.11085 1.11085 1.11085 1.11085 1.11085 1.11085 1.11085 1.11085 1.11085 1.11085 1.11085 1.11085 1.11085 1.11085 1.11085 1.11085 1.11085 1.11085 1.11085 1.11085 1.11085 1.11085 1.11085 1.11085 1.11085 1.11085 1.11085 1.11085 1.11085 1.11085 1.11085 1.11085 1.11085 1.11085 1.11085 1.11085 1.11085 1.11085 1.11085 1.11085 1.11085 1.11085 1.11085 1.11085 1.11085 1.11085 1.11085 1.11085 1.11085 1.11085 1.11085 1.11085 1.11085 1.11085 1.11085 1.11085 1.11085 1.11085 1.11085 1.11085 1.11085 1.11085 1.11085 1.11085 1.11085 1.11085 1.11085 1.11085 1.11085 1.11085 1.11085 1.11085 1.11085 1.11085 1.11085 1.11085 1.11085 1.11085 1.11085 1.11085 1.11085 1.11085 1.11085 1.11085 1.11085 1.11085 1.11085 1.11085 1.11085 1.11085 1.11085 1.11085 1.11085 1.11085 1.11085 1.11085 1.2919 1.42745 1.5796 1.77069 
2.40873 2.0236 1.77069 1.56499 1.38631 1.20513 1.20513 1.20513 1.20513 1.20513 1.20513 1.20513 1.20513 1.20513 1.20513 1.20513 1.20513 1.20513 1.20513 1.20513 1.20513 1.20513 1.20513 1.20513 1.20513 1.20513 1.20513 1.20513 1.20513 1.20513 1.20513 1.20513 1.20513 1.20513 1.20513 1.20513 1.20513 1.20513 1.20513 1.20513 1.20513 1.20513 1.20513 1.20513 1.20513 1.20513 1.20513 1.20513 1.20513 1.20513 1.20513 1.20513 1.20513 1.20513 1.20513 1.20513 1.20513 1.20513 1.20513 1.20513 1.20513 1.20513 1.20513 1.20513 1.20513 1.20513 1.20513 1.20513 1.20513 1.20513 1.20513 1.20513 1.20513 1.20513 1.20513 1.20513 1.20513 1.20513 1.20513 1.20513 1.20513 1.20513 1.20513 1.20513 1.20513 1.20513 1.20513 1.20513 1.20513 1.20513 1.20513 1.20513 1.20513 1.20513 1.20513 1.20513 1.20513 1.20513 1.20513 1.20513 1.20513 1.20513 1.20513 1.20513 1.20513 1.20513 1.20513 1.20513 1.20513 1.38631 1.56499 1.77069 2.03797 
