#No recentering correction has been made! Must use full expression for cumulants!
#i	j	<z^i zbar^j>_eps	<z^i zbar^j>_U	<z^i zbar^j>_Ubar	<z^i zbar^j>_C	<z^i zbar^j>_T	<z^i zbar^j>_s
0	0	(1556.26,0)	(-2.09412e-09,-9.64866e-10)	(-2.09412e-09,9.64866e-10)	(1.82232e-09,-3.04014e-10)	(2.836e-06,4.73123e-07)	(-0.5,0)	(1410.11,0)
0	1	(-0.501252,-0.562921)	(-0.358776,-3.09024e-09)	(-2.95312e-09,3.46792e-09)	(-2.55967e-09,-1.23805e-09)	(-4.70023e-06,6.45179e-06)	(0.250626,0.28146)	(-0.592634,-0.608128)
0	2	(0.989929,1.31091)	(0.359675,0.403925)	(6.38059e-08,4.73199e-08)	(-0.0643601,-8.23691e-09)	(7.7571e-05,-1.11859e-05)	(-0.494964,-0.655455)	(1.27627,1.61567)
0	3	(-2.59136,-6.45091)	(-1.06549,-1.41097)	(-5.76939e-08,-8.22864e-08)	(0.0967821,0.108689)	(2.87687e-05,-0.00012749)	(1.29568,3.22545)	(-3.21721,-8.3879)
0	4	(-5.2916,27.6666)	(3.71886,9.25771)	(-1.21981e-05,1.24064e-05)	(-0.382272,-0.506223)	(-0.000744643,-0.00108559)	(2.6458,-13.8333)	(-7.96736,36.5164)
0	5	(69.509,-85.7054)	(9.48996,-49.6306)	(-3.69395e-06,-6.32567e-06)	(1.66775,4.15176)	(-0.064133,-0.0654248)	(-34.7545,42.8527)	(99.1356,-113.223)
1	0	(-0.501252,0.562921)	(-2.95312e-09,-3.46792e-09)	(-0.358776,3.09024e-09)	(-3.02022e-09,-4.14572e-09)	(-3.9835e-06,1.92673e-06)	(0.250626,-0.28146)	(-0.592634,0.608128)
1	1	(5.96827,0)	(0.179837,-0.201962)	(0.179837,0.201962)	(-3.7123e-09,-1.31931e-09)	(-5.77728e-06,2.05318e-06)	(-2.98414,0)	(7.03126,0)
1	2	(-9.87538,-7.56096)	(-4.23636,1.64249e-08)	(-0.355163,-0.470323)	(0.0322608,-0.0362295)	(0.000202773,0.000408431)	(4.93769,3.78048)	(-12.8764,-9.49878)
1	3	(26.6426,33.2354)	(10.5597,8.06008)	(0.92973,2.31444)	(-1.13576,-2.28844e-07)	(0.0401997,-0.000504859)	(-13.3213,-16.6177)	(36.2592,45.3303)
1	4	(-59.4343,-190.729)	(-37.9606,-47.333)	(1.89803,-9.92613)	(3.78026,2.88244)	(-0.0186646,0.0165362)	(29.7172,95.3647)	(-78.4945,-268.88)
1	5	(-207.826,892.13)	(105.415,339.16)	(-24.9447,30.7556)	(-16.9832,-21.1731)	(-0.0516048,-0.0875769)	(103.913,-446.065)	(-342.037,1276.14)
2	0	(0.989929,-1.31091)	(6.38059e-08,-4.73199e-08)	(0.359675,-0.403925)	(4.98447e-08,7.18769e-09)	(-100.161,1.28187e-05)	(-0.494964,0.655455)	(1.27627,-1.61567)
2	1	(-9.87538,7.56096)	(-0.355163,0.470323)	(-4.23636,-1.64249e-08)	(1.30295e-07,-2.62445e-07)	(50.2061,56.3823)	(4.93769,-3.78048)	(-12.8764,9.49878)
2	2	(85.0701,0)	(7.03983,-5.37337)	(7.03983,5.37337)	(-0.0637125,0.0843704)	(-99.1529,-131.302)	(-42.535,0)	(114.228,0)
2	3	(-257.906,-160.075)	(-89.9298,2.24474e-06)	(-18.9803,-23.6665)	(1.89021,-1.44115)	(259.65,646.231)	(128.953,80.0373)	(-366.913,-226.687)
2	4	(829.047,1045.98)	(364.701,225.583)	(42.1729,135.671)	(-32.0599,-4.63335e-06)	(544.619,-2771.14)	(-414.524,-522.988)	(1210.53,1559.03)
2	5	(-1668.44,-6610.14)	(-1462.84,-1845.97)	(147.51,-633.762)	(162.74,100.557)	(-6978.16,8600.7)	(834.219,3305.07)	(-2328.13,-10126.7)
3	0	(-2.59136,6.45091)	(-5.76939e-08,8.22864e-08)	(-1.06549,1.41097)	(1.84859e-08,8.1921e-08)	(150.618,-169.148)	(1.29568,-3.22545)	(-3.21721,8.3879)
3	1	(26.6426,-33.2354)	(0.92973,-2.31444)	(10.5597,-8.06008)	(2.5831e-05,3.24406e-07)	(-1767.53,0.00035614)	(-13.3213,16.6177)	(36.2592,-45.3303)
3	2	(-257.906,160.075)	(-18.9803,23.6665)	(-89.9298,-2.24474e-06)	(0.166843,-0.415248)	(2941.64,2242.8)	(128.953,-80.0373)	(-366.913,226.687)
3	3	(1993.78,0)	(273.535,-169.179)	(273.535,169.179)	(-5.09499,6.35192)	(-7929.1,-9885.21)	(-996.888,0)	(2976.82,0)
3	4	(-8245.97,-4612.61)	(-2790.73,0.000150323)	(-877.704,-1107.58)	(97.6786,-60.3001)	(17632,56685.7)	(4122.99,2306.3)	(-12775.9,-7236.64)
3	5	(29549.1,38331.3)	(14443.3,8056.67)	(1756.84,6985.7)	(-1237.42,-9.25952e-06)	(66995.6,-264504)	(-14774.6,-19165.7)	(46697,62468.8)
4	0	(-5.2916,-27.6666)	(-1.21981e-05,-1.24064e-05)	(3.71886,-9.25771)	(-4.78484e-07,6.97563e-07)	(-594.913,787.811)	(2.6458,13.8333)	(-7.96736,-36.5164)
4	1	(-59.4343,190.729)	(1.89803,9.92613)	(-37.9606,47.333)	(-1.19933e-05,-1.06256e-05)	(5883.05,-4485.82)	(29.7172,-95.3647)	(-78.4945,268.88)
4	2	(829.047,-1045.98)	(42.1729,-135.671)	(364.701,-225.583)	(0.349955,1.78064)	(-49893.4,0.00721067)	(-414.524,522.988)	(1210.53,-1559.03)
4	3	(-8245.97,4612.61)	(-877.704,1107.58)	(-2790.73,-0.000150323)	(11.3298,-36.4244)	(152013,93842.3)	(4122.99,-2306.3)	(-12775.9,7236.64)
4	4	(63681.2,0)	(11558.6,-6441.37)	(11558.6,6441.37)	(-313.155,395.183)	(-487349,-615005)	(-31840.6,0)	(107022,0)
4	5	(-307357,-164106)	(-110013,0.00945776)	(-41282.5,-53590.9)	(5153.76,-2851.11)	(989855,3.89261e+06)	(153679,82052.8)	(-520361,-283659)
5	0	(69.509,85.7054)	(-3.69395e-06,6.32567e-06)	(9.48996,49.6306)	(-4.12099e-05,4.20399e-05)	(2595.44,-6461.2)	(-34.7545,-42.8527)	(99.1356,113.223)
5	1	(-207.826,-892.13)	(-24.9447,-30.7556)	(105.415,-339.16)	(-3.31596e-05,5.62741e-05)	(-26430.2,32950.8)	(103.913,446.065)	(-342.037,-1276.14)
5	2	(-1668.44,6610.14)	(147.51,633.762)	(-1462.84,1845.97)	(-4.48395,-5.52653)	(253266,-156492)	(834.219,-3305.07)	(-2328.13,10126.7)
5	3	(29549.1,-38331.3)	(1756.84,-6985.7)	(14443.3,-8056.67)	(43.0493,169.962)	(-1.92574e+06,0.0144102)	(-14774.6,19165.7)	(46697,-62468.8)
5	4	(-307357,164106)	(-41282.5,53590.9)	(-110013,-0.00945776)	(636.049,-2501.27)	(8.02056e+06,4.43705e+06)	(153679,-82052.8)	(-520361,283659)
5	5	(2.80739e+06,0)	(535210,-281819)	(535210,281819)	(-18346.7,23814.8)	(-2.85521e+07,-3.7062e+07)	(-1.4037e+06,0)	(6.10503e+06,0)
