1 6.46973 3.32991 3.32991 3.32991 3.32991 3.32991 3.32991 3.32991 3.32991 3.32991 3.32991 3.32991 3.32991 3.32991 3.32991 3.32991 3.32991 3.32991 3.32991 3.32991 3.32991 3.32991 3.32991 3.32991 3.32991 3.32991 3.32991 3.32991 3.32991 3.32991 3.32991 3.32991 3.32991 3.32991 3.32991 3.32991 3.32991 3.32991 3.32991 3.32991 3.32991 3.32991 3.32991 3.32991 3.32991 3.32991 3.32991 3.32991 3.32991 3.32991 3.32991 3.32991 3.32991 3.32991 3.32991 3.32991 3.32991 3.32991 3.32991 3.32991 3.32991 3.32991 3.32991 3.32991 3.32991 3.32991 3.32991 3.32991 3.32991 3.32991 3.32991 3.32991 3.32991 3.32991 3.32991 3.32991 3.32991 3.32991 3.32991 3.32991 3.32991 3.32991 3.32991 3.32991 3.32991 3.32991 3.32991 3.32991 3.32991 3.32991 3.32991 3.32991 3.32991 3.32991 3.32991 3.32991 3.32991 3.32991 3.32991 3.32991 3.32991 3.32991 3.32991 3.32991 3.32991 3.32991 3.32991 3.32991 3.32991 3.32991 3.32991 6.64603 
6.46991 2.00948 1.32337 1.19972 1.19972 1.19972 1.19972 1.19972 1.19972 1.19972 1.19972 1.19972 1.19972 1.19972 1.19972 1.19972 1.19972 1.19972 1.19972 1.19972 1.19972 1.19972 1.19972 1.19972 1.19972 1.19972 1.19972 1.19972 1.19972 1.19972 1.19972 1.19972 1.19972 1.19972 1.19972 1.19972 1.19972 1.19972 1.19972 1.19972 1.19972 1.19972 1.19972 1.19972 1.19972 1.19972 1.19972 1.19972 1.19972 1.19972 1.19972 1.19972 1.19972 1.19972 1.19972 1.19972 1.19972 1.19972 1.19972 1.19972 1.19972 1.19972 1.19972 1.19972 1.19972 1.19972 1.19972 1.19972 1.19972 1.19972 1.19972 1.19972 1.19972 1.19972 1.19972 1.19972 1.19972 1.19972 1.19972 1.19972 1.19972 1.19972 1.19972 1.19972 1.19972 1.19972 1.19972 1.19972 1.19972 1.19972 1.19972 1.19972 1.19972 1.19972 1.19972 1.19972 1.19972 1.19972 1.19972 1.19972 1.19972 1.19972 1.19972 1.19972 1.19972 1.19972 1.19972 1.19972 1.19972 1.19972 1.19972 1.32337 2.0236 
3.32991 1.32337 1.01953 1.00695 1.00695 1.00695 1.00695 1.00695 1.00695 1.00695 1.00695 1.00695 1.00695 1.00695 1.00695 1.00695 1.00695 1.00695 1.00695 1.00695 1.00695 1.00695 1.00695 1.00695 1.00695 1.00695 1.00695 1.00695 1.00695 1.00695 1.00695 1.00695 1.00695 1.00695 1.00695 1.00695 1.00695 1.00695 1.00695 1.00695 1.00695 1.00695 1.00695 1.00695 1.00695 1.00695 1.00695 1.00695 1.00695 1.00695 1.00695 1.00695 1.00695 1.00695 1.00695 1.00695 1.00695 1.00695 1.00695 1.00695 1.00695 1.00695 1.00695 1.00695 1.00695 1.00695 1.00695 1.00695 1.00695 1.00695 1.00695 1.00695 1.00695 1.00695 1.00695 1.00695 1.00695 1.00695 1.00695 1.00695 1.00695 1.00695 1.00695 1.00695 1.00695 1.00695 1.00695 1.00695 1.00695 1.00695 1.00695 1.00695 1.00695 1.00695 1.00695 1.00695 1.00695 1.00695 1.00695 1.00695 1.00695 1.00695 1.00695 1.00695 1.00695 1.00695 1.00695 1.00695 1.00695 1.00695 1.00695 1.01953 1.32752 
3.32991 1.19972 1.00695 1 1 1 1 1 1 1 1 1 1 1 1 1 1 1 1 1 1 1 1 1 1 1 1 1 1 1 1 1 1 1 1 1 1 1 1 1 1 1 1 1 1 1 1 1 1 1 1 1 1 1 1 1 1 1 1 1 1 1 1 1 1 1 1 1 1 1 1 1 1 1 1 1 1 1 1 1 1 1 1 1 1 1 1 1 1 1 1 1 1 1 1 1 1 1 1 1 1 1 1 1 1 1 1 1 1 1 1 1.00695 1.20513 
3.32991 1.19972 1.00695 1 1 1 1 1 1 1 1 1 1 1 1 1 1 1 1 1 1 1 1 1 1 1 1 1 1 1 1 1 1 1 1 1 1 1 1 1 1 1 1 1 1 1 1 1 1 1 1 1 1 1 1 1 1 1 1 1 1 1 1 1 1 1 1 1 1 1 1 1 1 1 1 1 1 1 1 1 1 1 1 1 1 1 1 1 1 1 1 1 1 1 1 1 1 1 1 1 1 1 1 1 1 1 1 1 1 1 1 1.00695 1.20513 
3.32991 1.19972 1.00695 1 1 1 1 1 1 1 1 1 1 1 1 1 1 1 1 1 1 1 1 1 1 1 1 1 1 1 1 1 1 1 1 1 1 1 1 1 1 1 1 1 1 1 1 1 1 1 1 1 1 1 1 1 1 1 1 1 1 1 1 1 1 1 1 1 1 1 1 1 1 1 1 1 1 1 1 1 1 1 1 1 1 1 1 1 1 1 1 1 1 1 1 1 1 1 1 1 1 1 1 1 1 1 1 1 1 1 1 1.00695 1.20513 
3.32991 1.19972 1.00695 1 1 1 1 1 1 1 1 1 1 1 1 1 1 1 1 1 1 1 1 1 1 1 1 1 1 1 1 1 1 1 1 1 1 1 1 1 1 1 1 1 1 1 1 1 1 1 1 1 1 1 1 1 1 1 1 1 1 1 1 1 1 1 1 1 1 1 1 1 1 1 1 1 1 1 1 1 1 1 1 1 1 1 1 1 1 1 1 1 1 1 1 1 1 1 1 1 1 1 1 1 1 1 1 1 1 1 1 1.00695 1.20513 
3.32991 1.19972 1.00695 1 1 1 1 1 1 1 1 1 1 1 1 1 1 1 1 1 1 1 1 1 1 1 1 1 1 1 1 1 1 1 1 1 1 1 1 1 1 1 1 1 1 1 1 1 1 1 1 1 1 1 1 1 1 1 1 1 1 1 1 1 1 1 1 1 1 1 1 1 1 1 1 1 1 1 1 1 1 1 1 1 1 1 1 1 1 1 1 1 1 1 1 1 1 1 1 1 1 1 1 1 1 1 1 1 1 1 1 1.00695 1.20513 
3.32991 1.19972 1.00695 1 1 1 1 1 1 1 1 1 1 1 1 1 1 1 1 1 1 1 1 1 1 1 1 1 1 1 1 1 1 1 1 1 1 1 1 1 1 1 1 1 1 1 1 1 1 1 1 1 1 1 1 1 1 1 1 1 1 1 1 1 1 1 1 1 1 1 1 1 1 1 1 1 1 1 1 1 1 1 1 1 1 1 1 1 1 1 1 1 1 1 1 1 1 1 1 1 1 1 1 1 1 1 1 1 1 1 1 1.00695 1.20513 
3.32991 1.19972 1.00695 1 1 1 1 1 1 1 1 1 1 1 1 1 1 1 1 1 1 1 1 1 1 1 1 1 1 1 1 1 1 1 1 1 1 1 1 1 1 1 1 1 1 1 1 1 1 1 1 1 1 1 1 1 1 1 1 1 1 1 1 1 1 1 1 1 1 1 1 1 1 1 1 1 1 1 1 1 1 1 1 1 1 1 1 1 1 1 1 1 1 1 1 1 1 1 1 1 1 1 1 1 1 1 1 1 1 1 1 1.00695 1.20513 
3.32991 1.19972 1.00695 1 1 1 1 1 1 1 1 1 1 1 1 1 1 1 1 1 1 1 1 1 1 1 1 1 1 1 1 1 1 1 1 1 1 1 1 1 1 1 1 1 1 1 1 1 1 1 1 1 1 1 1 1 1 1 1 1 1 1 1 1 1 1 1 1 1 1 1 1 1 1 1 1 1 1 1 1 1 1 1 1 1 1 1 1 1 1 1 1 1 1 1 1 1 1 1 1 1 1 1 1 1 1 1 1 1 1 1 1.00695 1.20513 
3.32991 1.19972 1.00695 1 1 1 1 1 1 1 1 1 1 1 1 1 1 1 1 1 1 1 1 1 1 1 1 1 1 1 1 1 1 1 1 1 1 1 1 1 1 1 1 1 1 1 1 1 1 1 1 1 1 1 1 1 1 1 1 1 1 1 1 1 1 1 1 1.00002 1.00002 1.00001 1.00001 1.00002 1.00002 1.00002 1.00002 1.00002 1.00001 1.00001 1.00002 1.00002 1 1 1 1 1 1 1 1 1 1 1 1 1 1 1 1 1 1 1 1 1 1 1 1 1 1 1 1 1 1 1 1.00695 1.20513 
3.32991 1.19972 1.00695 1 1 1 1 1 1 1 1 1 1 1 1 1 1 1 1 1 1 1 1 1 1 1 1 1 1 1 1 1 1 1 1 1 1 1 1 1 1 1 1 1 1 1 1 1 1 1 1 1 1 1 1 1 1 1 1 1 1 1 1 1 1.00003 1.00003 1.00004 1.00033 1.00032 1.00017 1.0002 1.00024 1.00026 1.00027 1.00026 1.00023 1.00019 1.00016 1.00029 1.0003 1.00003 1.00003 1.00003 1 1 1 1 1 1 1 1 1 1 1 1 1 1 1 1 1 1 1 1 1 1 1 1 1 1 1 1 1.00695 1.20513 
3.32991 1.19972 1.00695 1 1 1 1 1 1 1 1 1 1 1 1 1 1 1 1 1 1 1 1 1 1 1 1 1 1 1 1 1 1 1 1 1 1 1 1 1 1 1 1 1 1 1 1 1 1 1 1 1 1 1 1 1 1 1 1 1 1 1.00002 1.00002 1.00005 1.00053 1.00038 1.00176 1.01586 1.05598 1.08256 1.09241 1.10171 1.10702 1.10863 1.1062 1.10015 1.09024 1.07986 1.05363 1.01485 1.00159 1.00033 1.00046 1.00006 1.00003 1 1 1 1 1 1 1 1 1 1 1 1 1 1 1 1 1 1 1 1 1 1 1 1 1 1 1.00695 1.20513 
3.32991 1.19972 1.00695 1 1 1 1 1 1 1 1 1 1 1 1 1 1 1 1 1 1 1 1 1 1 1 1 1 1 1 1 1 1 1 1 1 1 1 1 1 1 1 1 1 1 1 1 1 1 1 1 1 1 1 1 1 1 1 1 1.00001 1.00006 1.00036 1.00025 1.00131 1.02029 1.07223 1.11169 1.10958 1.1304 1.09311 1.09709 1.10041 1.10214 1.10265 1.10189 1.09988 1.09626 1.09192 1.12714 1.10608 1.10591 1.06759 1.0184 1.00229 1.00033 1.00005 1.00004 1 1 1 1 1 1 1 1 1 1 1 1 1 1 1 1 1 1 1 1 1 1 1 1 1.00695 1.20513 
3.32991 1.19972 1.00695 1 1 1 1 1 1 1 1 1 1 1 1 1 1 1 1 1 1 1 1 1 1 1 1 1 1 1 1 1 1 1 1 1 1 1 1 1 1 1 1 1 1 1 1 1 1 1 1 1 1 1 1 1 1 1 1.00001 1.00014 1.00223 1.01391 1.06058 1.10407 1.11454 1.14374 1.10667 1.09099 1.06105 1.0513 1.05249 1.05241 1.05252 1.05251 1.05251 1.05239 1.05244 1.05122 1.06079 1.09005 1.10481 1.13857 1.10949 1.08519 1.0232 1.00082 1.00029 1.00004 1.00003 1 1 1 1 1 1 1 1 1 1 1 1 1 1 1 1 1 1 1 1 1 1 1.00695 1.20513 
3.32991 1.19972 1.00695 1 1 1 1 1 1 1 1 1 1 1 1 1 1 1 1 1 1 1 1 1 1 1 1 1 1 1 1 1 1 1 1 1 1 1 1 1 1 1 1 1 1 1 1 1 1 1 1 1 1 1 1 1 1 1.00005 1.00016 1.00185 1.02739 1.09782 1.12683 1.10446 1.09168 1.06176 1.05182 1.05307 1.05232 1.05251 1.05219 1.05196 1.05181 1.05177 1.05184 1.05201 1.05225 1.05256 1.05238 1.05306 1.05177 1.06131 1.09107 1.15809 1.11558 1.08779 1.02228 1.00241 1.00016 1.00003 1 1 1 1 1 1 1 1 1 1 1 1 1 1 1 1 1 1 1 1 1 1.00695 1.20513 
3.32991 1.19972 1.00695 1 1 1 1 1 1 1 1 1 1 1 1 1 1 1 1 1 1 1 1 1 1 1 1 1 1 1 1 1 1 1 1 1 1 1 1 1 1 1 1 1 1 1 1 1 1 1 1 1 1 1 1 1.00008 1.00013 1.00323 1.01819 1.08003 1.11983 1.13508 1.06056 1.05159 1.05298 1.05211 1.05196 1.05116 1.0505 1.04978 1.04925 1.04885 1.04861 1.04854 1.04865 1.04892 1.04934 1.04991 1.05064 1.05134 1.0521 1.05239 1.0523 1.06192 1.09255 1.1571 1.10879 1.07347 1.0157 1.002 1.00015 1.00001 1 1 1 1 1 1 1 1 1 1 1 1 1 1 1 1 1 1 1 1.00695 1.20513 
3.32991 1.19972 1.00695 1 1 1 1 1 1 1 1 1 1 1 1 1 1 1 1 1 1 1 1 1 1 1 1 1 1 1 1 1 1 1 1 1 1 1 1 1 1 1 1 1 1 1 1 1 1 1 1 1.00001 1.00003 1.00003 1.00003 1.00096 1.00283 1.02858 1.1066 1.15007 1.09285 1.06272 1.05208 1.0526 1.05141 1.0503 1.04906 1.04796 1.04694 1.04615 1.04549 1.04503 1.04476 1.04468 1.0448 1.04511 1.04561 1.0463 1.04714 1.04815 1.04926 1.05048 1.05156 1.05217 1.05233 1.06167 1.09017 1.13956 1.09683 1.02269 1.00331 1.0002 1.00002 1 1 1 1 1 1 1 1 1 1 1 1 1 1 1 1 1 1 1.00695 1.20513 
3.32991 1.19972 1.00695 1 1 1 1 1 1 1 1 1 1 1 1 1 1 1 1 1 1 1 1 1 1 1 1 1 1 1 1 1 1 1 1 1 1 1 1 1 1 1 1 1 1 1 1 1 1 1.00002 1.00001 1.00008 1.00041 1.00035 1.00038 1.00027 1.02595 1.10689 1.1349 1.06066 1.05167 1.05167 1.05107 1.04967 1.04819 1.04672 1.04537 1.04414 1.04313 1.04221 1.04155 1.04105 1.04077 1.04068 1.0408 1.04113 1.04166 1.04239 1.04332 1.04443 1.0457 1.04712 1.04864 1.05023 1.05159 1.0523 1.05225 1.06082 1.12831 1.11291 1.02689 1.0041 1.00022 1.00002 1 1 1 1 1 1 1 1 1 1 1 1 1 1 1 1 1 1.00695 1.20513 
3.32991 1.19972 1.00695 1 1 1 1 1 1 1 1 1 1 1 1 1 1 1 1 1 1 1 1 1 1 1 1 1 1 1 1 1 1 1 1 1 1 1 1 1 1 1 1 1 1 1 1 1.00001 1.00002 1.00027 1.00018 1.00105 1.00073 1.00215 1.00675 1.12758 1.22551 1.17752 1.10187 1.07749 1.06927 1.06187 1.05614 1.05168 1.04819 1.04539 1.04314 1.04136 1.03972 1.03841 1.0376 1.03713 1.03682 1.03675 1.03688 1.03721 1.03775 1.03851 1.03946 1.04062 1.04196 1.04349 1.04518 1.04698 1.04885 1.05069 1.05225 1.05188 1.06216 1.13549 1.12096 1.02885 1.00423 1.00021 1.00002 1 1 1 1 1 1 1 1 1 1 1 1 1 1 1 1 1.00695 1.20513 
3.32991 1.19972 1.00695 1 1 1 1 1 1 1 1 1 1 1 1 1 1 1 1 1 1 1 1 1 1 1 1 1 1 1 1 1 1 1 1 1 1 1 1 1 1 1 1 1 1.00001 1 1.00005 1.00008 1.00008 1.00688 1.01577 1.03463 1.12138 1.20846 1.23436 1.21491 1.17909 1.09514 1.07674 1.06867 1.06106 1.05515 1.0504 1.04662 1.0436 1.04113 1.03908 1.03739 1.03603 1.03493 1.0342 1.03352 1.03308 1.03295 1.03308 1.03343 1.03398 1.03474 1.03571 1.03689 1.03827 1.03985 1.04161 1.04355 1.04561 1.04776 1.04985 1.05185 1.05176 1.06261 1.13828 1.1221 1.02783 1.00362 1.00016 1 1 1 1 1 1 1 1 1 1 1 1 1 1 1 1 1.00695 1.20513 
3.32991 1.19972 1.00695 1 1 1 1 1 1 1 1 1 1 1 1 1 1 1 1 1 1 1 1 1 1 1 1 1 1 1 1 1 1 1 1 1 1 1 1 1 1 1 1.00001 1.00001 1.00007 1.00012 1.00411 1.02473 1.03455 1.03754 1.15002 1.20675 1.20336 1.21462 1.14621 1.11215 1.06999 1.05683 1.05374 1.05007 1.04708 1.04446 1.04212 1.03995 1.03802 1.03624 1.03465 1.03326 1.03214 1.03131 1.03055 1.02995 1.02959 1.02945 1.02951 1.02982 1.03038 1.03115 1.03213 1.03332 1.03472 1.03632 1.03812 1.04011 1.04228 1.04459 1.04698 1.04932 1.05159 1.0517 1.06267 1.13686 1.11623 1.02438 1.0023 1.00003 1 1 1 1 1 1 1 1 1 1 1 1 1 1 1 1.00695 1.20513 
3.32991 1.19972 1.00695 1 1 1 1 1 1 1 1 1 1 1 1 1 1 1 1 1 1 1 1 1 1 1 1 1 1 1 1 1 1 1 1 1 1 1 1 1 1 1.00001 1.00007 1.00025 1.00552 1.02442 1.05293 1.07489 1.1647 1.22081 1.1675 1.1762 1.11301 1.07627 1.06497 1.05938 1.05524 1.05302 1.04968 1.04649 1.04359 1.04093 1.0386 1.03658 1.03469 1.03295 1.03134 1.02992 1.02872 1.02774 1.02696 1.02644 1.02616 1.02607 1.02615 1.02647 1.02699 1.02774 1.02873 1.02993 1.03134 1.03295 1.03477 1.0368 1.03901 1.0414 1.04393 1.04655 1.0491 1.05155 1.05173 1.06236 1.13115 1.10184 1.01763 1.00017 1.00001 1 1 1 1 1 1 1 1 1 1 1 1 1 1 1.00695 1.20513 
3.32991 1.19972 1.00695 1 1 1 1 1 1 1 1 1 1 1 1 1 1 1 1 1 1 1 1 1 1 1 1 1 1 1 1 1 1 1 1 1 1 1 1 1 1.00002 1.00033 1.00456 1.02666 1.05256 1.11563 1.09744 1.12681 1.14272 1.14023 1.09964 1.07304 1.0614 1.05849 1.05546 1.05271 1.05056 1.048 1.04511 1.04236 1.03979 1.03738 1.0352 1.0333 1.03147 1.02976 1.02817 1.02676 1.02556 1.02456 1.02378 1.02323 1.0229 1.0228 1.02294 1.02328 1.02381 1.02455 1.02552 1.02673 1.02815 1.02977 1.03161 1.03365 1.03589 1.03832 1.04092 1.04367 1.04649 1.04921 1.05174 1.05186 1.06124 1.14586 1.07847 1.00137 1.00014 1 1 1 1 1 1 1 1 1 1 1 1 1 1 1.00695 1.20513 
3.32991 1.19972 1.00695 1 1 1 1 1 1 1 1 1 1 1 1 1 1 1 1 1 1 1 1 1 1 1 1 1 1 1 1 1 1 1 1 1 1.00001 1.00001 1.00001 1 1.0005 1.00949 1.04438 1.10461 1.11335 1.08626 1.1139 1.11109 1.0982 1.06314 1.05674 1.05604 1.05506 1.05256 1.05043 1.04875 1.04656 1.04415 1.04159 1.0393 1.03694 1.03459 1.03244 1.03041 1.02856 1.02684 1.02527 1.02388 1.02267 1.02165 1.02085 1.02028 1.01993 1.0198 1.0199 1.02024 1.02081 1.02157 1.02254 1.02373 1.02516 1.02679 1.02863 1.03069 1.03294 1.0354 1.03804 1.04086 1.0438 1.0468 1.04965 1.05209 1.0523 1.09202 1.11988 1.0279 1.00225 1.00004 1 1 1 1 1 1 1 1 1 1 1 1 1 1.00695 1.20513 
3.32991 1.19972 1.00695 1 1 1 1 1 1 1 1 1 1 1 1 1 1 1 1 1 1 1 1 1 1 1 1 1 1 1 1 1 1 1.00001 1.00001 1.00002 1.0002 1.00013 1.00056 1.00303 1.0314 1.06833 1.12749 1.08691 1.09152 1.09289 1.08773 1.09461 1.07278 1.06415 1.06046 1.05704 1.05337 1.04985 1.04771 1.04541 1.04345 1.04123 1.03883 1.03649 1.03415 1.03169 1.02949 1.02754 1.02568 1.02402 1.02249 1.0211 1.01991 1.01889 1.0181 1.01751 1.01716 1.01703 1.01714 1.01746 1.018 1.01878 1.01977 1.02097 1.02238 1.02401 1.02586 1.02792 1.03019 1.03266 1.03533 1.03818 1.0412 1.04433 1.04747 1.05042 1.0521 1.06245 1.13602 1.09973 1.01473 1.00018 1.00002 1 1 1 1 1 1 1 1 1 1 1 1 1.00695 1.20513 
3.32991 1.19972 1.00695 1 1 1 1 1 1 1 1 1 1 1 1 1 1 1 1 1 1 1 1 1 1 1 1 1 1 1 1 1.00001 1.00002 1.00017 1.00013 1.00079 1.00917 1.03342 1.06486 1.10103 1.13122 1.10109 1.09307 1.08655 1.10078 1.11193 1.09406 1.0769 1.06635 1.05638 1.05308 1.05046 1.04772 1.04598 1.04378 1.04213 1.04027 1.0384 1.03628 1.03415 1.0316 1.02911 1.02688 1.02473 1.02298 1.02132 1.01984 1.01851 1.01732 1.01633 1.01553 1.01495 1.01459 1.01447 1.01456 1.01489 1.01543 1.0162 1.01719 1.01839 1.01981 1.02144 1.02329 1.02536 1.02764 1.03012 1.03281 1.03568 1.03874 1.04195 1.04524 1.04846 1.05133 1.05189 1.0609 1.13494 1.06497 1.00147 1.00004 1 1 1 1 1 1 1 1 1 1 1 1 1.00695 1.20513 
3.32991 1.19972 1.00695 1 1 1 1 1 1 1 1 1 1 1 1 1 1 1 1 1 1 1 1 1 1 1 1 1 1 1.00001 1.00001 1.0001 1.00078 1.00866 1.03926 1.06843 1.07457 1.10517 1.09786 1.09795 1.07978 1.12033 1.14613 1.12295 1.10678 1.08814 1.06805 1.05951 1.0512 1.04772 1.04576 1.04399 1.04234 1.03988 1.03886 1.0372 1.03565 1.03409 1.03254 1.03073 1.02864 1.02647 1.02434 1.02254 1.02055 1.01898 1.0175 1.01614 1.015 1.01399 1.01321 1.01261 1.01226 1.01212 1.0122 1.01252 1.01306 1.01383 1.01482 1.01603 1.01745 1.01908 1.02093 1.02301 1.02529 1.02778 1.03048 1.03337 1.03646 1.03971 1.04309 1.04651 1.04973 1.05233 1.0521 1.08615 1.09451 1.01418 1.00033 1.00002 1 1 1 1 1 1 1 1 1 1 1 1.00695 1.20513 
3.32991 1.19972 1.00695 1 1 1 1 1 1 1 1 1 1 1 1 1 1 1 1 1 1 1 1 1 1 1 1 1 1.00001 1.00006 1.00072 1.00981 1.04695 1.07363 1.10013 1.08661 1.08706 1.07172 1.05376 1.09046 1.12117 1.11144 1.11143 1.0866 1.07205 1.05726 1.05014 1.04827 1.04607 1.04299 1.0417 1.03982 1.03813 1.03831 1.03589 1.03475 1.03324 1.0318 1.03027 1.0286 1.02677 1.02478 1.02268 1.02009 1.0185 1.0167 1.01525 1.01406 1.01286 1.01191 1.01109 1.01052 1.01013 1.00999 1.01007 1.01038 1.01091 1.01168 1.01267 1.01388 1.01531 1.01695 1.01879 1.02086 1.02316 1.02565 1.02836 1.03126 1.03436 1.03765 1.04109 1.04461 1.04808 1.05115 1.05259 1.06022 1.1257 1.05788 1.00024 1.00002 1 1 1 1 1 1 1 1 1 1 1 1.00695 1.20513 
3.32991 1.19972 1.00695 1 1 1 1 1 1 1 1 1 1 1 1 1 1 1 1 1 1 1 1 1 1 1 1 1.00008 1.0008 1.00776 1.04355 1.07426 1.11058 1.07752 1.05715 1.05194 1.05402 1.04866 1.07818 1.10412 1.10776 1.07991 1.06417 1.05564 1.05149 1.04754 1.04614 1.04374 1.0417 1.04205 1.03929 1.03775 1.03622 1.03145 1.03155 1.02943 1.02822 1.02697 1.02574 1.02442 1.02295 1.02133 1.0195 1.01875 1.01632 1.01502 1.01351 1.01198 1.01099 1.00996 1.00923 1.0086 1.00825 1.00808 1.00817 1.00846 1.00899 1.00975 1.01073 1.01194 1.01337 1.01503 1.01688 1.01895 1.02123 1.02373 1.02644 1.02936 1.03247 1.03578 1.03925 1.04285 1.04647 1.04985 1.0524 1.05161 1.10124 1.09594 1.00152 1.00003 1 1 1 1 1 1 1 1 1 1 1 1.00695 1.20513 
3.32991 1.19972 1.00695 1 1 1 1 1 1 1 1 1 1 1 1 1 1 1 1 1 1 1 1 1 1 1 1.00007 1.00172 1.01307 1.06952 1.10514 1.07777 1.05759 1.04943 1.05268 1.04855 1.06495 1.08759 1.09345 1.09249 1.05747 1.05403 1.05301 1.04911 1.04647 1.04701 1.04363 1.04215 1.04017 1.03432 1.03406 1.03248 1.02891 1.04149 1.05409 1.0557 1.05324 1.05126 1.04896 1.04649 1.04375 1.04035 1.03742 1.02828 1.01691 1.01257 1.01137 1.01062 1.0092 1.00842 1.00751 1.00701 1.00654 1.00641 1.00645 1.00677 1.0073 1.00804 1.00901 1.01022 1.01165 1.0133 1.01517 1.01725 1.01953 1.02202 1.02474 1.02766 1.03079 1.0341 1.0376 1.04124 1.04496 1.04856 1.05159 1.05304 1.08891 1.10293 1.01476 1.0003 1.00002 1 1 1 1 1 1 1 1 1 1 1.00695 1.20513 
3.32991 1.19972 1.00695 1 1 1 1 1 1 1 1 1 1 1 1 1 1 1 1 1 1 1 1 1 1 1.00005 1.00119 1.01945 1.0873 1.10296 1.05481 1.04899 1.04956 1.05336 1.05022 1.06176 1.07481 1.07968 1.06872 1.05446 1.05447 1.05226 1.04941 1.04689 1.04498 1.03844 1.03836 1.0362 1.03208 1.04797 1.0613 1.06244 1.06028 1.05691 1.05558 1.04416 1.04232 1.04065 1.03901 1.03724 1.03533 1.03315 1.0307 1.03034 1.02649 1.02517 1.022 1.01559 1.00886 1.00655 1.00622 1.00539 1.00522 1.00496 1.00508 1.00529 1.00578 1.00656 1.00754 1.00872 1.01015 1.01179 1.01366 1.01576 1.01805 1.02053 1.02325 1.02618 1.02931 1.03263 1.03614 1.03982 1.0436 1.04734 1.05074 1.05239 1.06071 1.12762 1.05536 1.00031 1.00002 1 1 1 1 1 1 1 1 1 1 1.00695 1.20513 
3.32991 1.19972 1.00695 1 1 1 1 1 1 1 1 1 1 1 1 1 1 1 1 1 1 1 1 1 1.00031 1.00795 1.04249 1.09026 1.11685 1.06247 1.05211 1.0529 1.05303 1.04659 1.05188 1.06207 1.06332 1.05642 1.05019 1.04999 1.04073 1.04273 1.04011 1.04035 1.03567 1.05555 1.06857 1.07012 1.07053 1.06508 1.06264 1.04907 1.04801 1.04142 1.03024 1.02519 1.02427 1.02336 1.02272 1.02194 1.02103 1.02014 1.01873 1.01975 1.02381 1.02415 1.02085 1.01931 1.01632 1.0151 1.01029 1.00542 1.00363 1.00378 1.00361 1.0041 1.00463 1.00528 1.00624 1.00747 1.00888 1.01051 1.01238 1.01447 1.01677 1.01928 1.02198 1.0249 1.02804 1.03137 1.0349 1.03859 1.04241 1.04625 1.04982 1.0525 1.05138 1.09426 1.08526 1.0002 1.00001 1 1 1 1 1 1 1 1 1 1 1.00695 1.20513 
3.32991 1.19972 1.00695 1 1 1 1 1 1 1 1 1 1 1 1 1 1 1 1 1 1 1 1 1 1.00631 1.05375 1.10944 1.08436 1.06208 1.04384 1.04749 1.04684 1.04426 1.05299 1.06196 1.06092 1.05215 1.03778 1.04183 1.03547 1.0714 1.09291 1.09155 1.08685 1.08092 1.07665 1.07598 1.05931 1.05898 1.0491 1.03593 1.0303 1.02854 1.0269 1.0254 1.02431 1.02305 1.02193 1.02089 1.01987 1.01909 1.01831 1.01743 1.01622 1.01504 1.01348 1.01171 1.01171 1.01371 1.01364 1.01259 1.01074 1.00951 1.00716 1.00421 1.00282 1.00339 1.00431 1.00531 1.00638 1.00781 1.00947 1.01132 1.01341 1.01572 1.01823 1.02093 1.02384 1.02698 1.03032 1.03385 1.03756 1.04141 1.04531 1.04903 1.05204 1.05258 1.1002 1.10131 1.00027 1.00002 1 1 1 1 1 1 1 1 1 1 1.00695 1.20513 
3.32991 1.19972 1.00695 1 1 1 1 1 1 1 1 1 1 1 1 1 1 1 1 1 1 1 1.00016 1.00237 1.05033 1.11089 1.04379 1.04481 1.04595 1.06364 1.05588 1.05243 1.05251 1.04808 1.04171 1.04042 1.03169 1.07245 1.10008 1.1009 1.09359 1.09233 1.06757 1.06349 1.06428 1.05719 1.04356 1.0359 1.03308 1.03072 1.0296 1.02819 1.02638 1.02482 1.02341 1.02199 1.02077 1.01967 1.0185 1.01759 1.01686 1.0161 1.01527 1.0143 1.01315 1.01186 1.01039 1.00877 1.00745 1.00616 1.0067 1.0088 1.00897 1.0091 1.00837 1.00649 1.00446 1.00314 1.00425 1.00566 1.00705 1.00861 1.01048 1.01254 1.01484 1.0174 1.02012 1.02301 1.02613 1.02949 1.03302 1.03674 1.04061 1.04455 1.04837 1.05162 1.05252 1.10524 1.11748 1.00035 1.00002 1 1 1 1 1 1 1 1 1 1 1.00695 1.20513 
3.32991 1.19972 1.00695 1 1 1 1 1 1 1 1 1 1 1 1 1 1 1 1 1 1 1.00001 1.00332 1.02739 1.08099 1.06705 1.07069 1.06294 1.06 1.02502 1.03434 1.03445 1.03499 1.06933 1.11437 1.1319 1.12969 1.11225 1.10406 1.07498 1.0624 1.04487 1.03848 1.03829 1.03754 1.03665 1.03323 1.03124 1.0292 1.02741 1.02591 1.02447 1.02313 1.02181 1.02038 1.01911 1.01806 1.01716 1.01639 1.01573 1.01507 1.01445 1.01385 1.01316 1.01232 1.01125 1.00999 1.00864 1.00725 1.00599 1.00482 1.00418 1.0036 1.00443 1.00646 1.00867 1.0084 1.00691 1.00574 1.00454 1.00638 1.00805 1.0099 1.01202 1.01433 1.01673 1.01947 1.02243 1.02554 1.02885 1.03241 1.03612 1.04001 1.04398 1.04786 1.05126 1.05257 1.10857 1.13019 1.00043 1.00003 1 1 1 1 1 1 1 1 1 1 1.00695 1.20513 
3.32991 1.19972 1.00695 1 1 1 1 1 1 1 1 1 1 1 1 1 1 1 1 1 1.00001 1.00008 1.02081 1.06622 1.15624 1.08733 1.03152 1.05207 1.04074 1.14491 1.19328 1.19411 1.17823 1.14542 1.13142 1.10401 1.08437 1.06839 1.04816 1.03967 1.04033 1.03866 1.03768 1.03594 1.03393 1.03146 1.02945 1.02791 1.02637 1.02482 1.02338 1.02207 1.02072 1.0194 1.01818 1.01709 1.01611 1.01523 1.01449 1.01384 1.01327 1.01279 1.01236 1.01194 1.01138 1.01063 1.00967 1.00851 1.00725 1.00602 1.00494 1.00403 1.00339 1.00301 1.00299 1.00424 1.00643 1.0095 1.01025 1.00774 1.007 1.00741 1.00952 1.01128 1.01357 1.01648 1.0192 1.02199 1.02514 1.02846 1.03198 1.03572 1.03961 1.04359 1.04752 1.05101 1.05253 1.11066 1.13915 1.00048 1.00003 1 1 1 1 1 1 1 1 1 1 1.00695 1.20513 
3.32991 1.19972 1.00695 1 1 1 1 1 1 1 1 1 1 1 1 1 1 1 1 1.00001 1.00036 1.00114 1.05718 1.1574 1.0758 1.05416 1.19307 1.23553 1.21309 1.16604 1.16534 1.10259 1.09872 1.08592 1.06134 1.0435 1.0364 1.03506 1.03503 1.03652 1.0363 1.03507 1.03321 1.03125 1.02977 1.02837 1.02672 1.02517 1.02382 1.02251 1.02121 1.01986 1.0186 1.01742 1.01631 1.01528 1.01434 1.01351 1.0128 1.0122 1.01173 1.01134 1.01102 1.01071 1.01036 1.00992 1.00929 1.00844 1.0074 1.00627 1.00519 1.00426 1.00356 1.00312 1.00299 1.00313 1.00338 1.00515 1.00919 1.01173 1.01131 1.00972 1.01004 1.01362 1.01601 1.01545 1.01867 1.02196 1.02515 1.0282 1.03183 1.03553 1.03941 1.04341 1.04735 1.05089 1.05251 1.11162 1.14359 1.00051 1.00003 1 1 1 1 1 1 1 1 1 1 1.00695 1.20513 
3.32991 1.19972 1.00695 1 1 1 1 1 1 1 1 1 1 1 1 1 1 1 1 1.00021 1.00121 1.07048 1.18101 1.05634 1.26158 1.26563 1.1899 1.1896 1.11839 1.0866 1.05377 1.04238 1.04038 1.03861 1.03666 1.03462 1.03324 1.0325 1.03193 1.03146 1.03082 1.03005 1.02893 1.02787 1.02681 1.02551 1.02416 1.02288 1.02163 1.02036 1.01909 1.01787 1.01672 1.01562 1.01457 1.0136 1.01272 1.01194 1.01128 1.01073 1.0103 1.00998 1.00975 1.00958 1.0094 1.00917 1.0088 1.00827 1.00754 1.00663 1.00567 1.00475 1.004 1.00348 1.00322 1.00332 1.00372 1.00406 1.00533 1.00798 1.01121 1.01216 1.01181 1.01645 1.0193 1.01881 1.02225 1.02078 1.02495 1.02849 1.03176 1.03547 1.03947 1.04341 1.04737 1.05089 1.05252 1.11154 1.14324 1.00051 1.00003 1 1 1 1 1 1 1 1 1 1 1.00695 1.20513 
3.32991 1.19972 1.00695 1 1 1 1 1 1 1 1 1 1 1 1 1 1 1 1.00001 1.00055 1.05423 1.11975 1.07238 1.26497 1.25884 1.20272 1.09607 1.05924 1.04501 1.04322 1.04109 1.03957 1.03694 1.03459 1.03287 1.0315 1.03046 1.02964 1.02893 1.02818 1.0276 1.02686 1.02599 1.02507 1.02403 1.02289 1.02174 1.0206 1.0194 1.0182 1.01706 1.01596 1.01491 1.0139 1.01294 1.01205 1.01124 1.01051 1.0099 1.00939 1.00901 1.00874 1.00858 1.00849 1.00845 1.0084 1.00828 1.00802 1.00759 1.00698 1.00623 1.00544 1.0047 1.00414 1.00382 1.00375 1.00402 1.00463 1.00527 1.00603 1.00779 1.01059 1.01148 1.01345 1.01652 1.02378 1.02685 1.02512 1.02937 1.02725 1.03288 1.03567 1.03974 1.04358 1.0476 1.05102 1.05256 1.1104 1.13812 1.00048 1.00003 1 1 1 1 1 1 1 1 1 1 1.00695 1.20513 
3.32991 1.19972 1.00695 1 1 1 1 1 1 1 1 1 1 1 1 1 1.00007 1.00076 1.00017 1.07199 1.06584 1.41054 1.32323 1.21146 1.15598 1.06341 1.04845 1.04503 1.04228 1.0405 1.03887 1.036 1.03347 1.0316 1.03004 1.02871 1.02763 1.0267 1.02594 1.02539 1.02485 1.02419 1.02346 1.02262 1.02162 1.02055 1.01945 1.01831 1.0172 1.01615 1.01513 1.01413 1.01318 1.01227 1.0114 1.0106 1.00986 1.0092 1.00864 1.00818 1.00784 1.00761 1.00749 1.00748 1.00753 1.00761 1.00767 1.00766 1.00752 1.00722 1.00676 1.00619 1.00558 1.00505 1.00469 1.00456 1.00469 1.00513 1.00588 1.00677 1.00771 1.0095 1.01217 1.0131 1.0138 1.01781 1.02357 1.03252 1.04161 1.03648 1.03005 1.03642 1.03987 1.04421 1.04782 1.05139 1.05252 1.10822 1.12846 1.00041 1.00003 1 1 1 1 1 1 1 1 1 1 1.00695 1.20513 
3.32991 1.19972 1.00695 1 1 1 1 1 1 1 1 1 1 1 1 1.00006 1.00069 1.00059 1.04078 1.04163 1.45265 1.29547 1.22226 1.10321 1.0637 1.04796 1.0456 1.04237 1.03957 1.03772 1.03545 1.03268 1.03065 1.02887 1.02731 1.02603 1.02493 1.02402 1.02336 1.02281 1.02226 1.02168 1.02102 1.02021 1.01928 1.01829 1.01725 1.01622 1.01521 1.01424 1.01331 1.01242 1.01156 1.01075 1.00997 1.00925 1.00858 1.00799 1.00749 1.00708 1.00678 1.00658 1.0065 1.00653 1.00664 1.00681 1.00701 1.00719 1.00729 1.00728 1.00714 1.00686 1.00649 1.0061 1.00578 1.00562 1.00568 1.00598 1.00657 1.00744 1.00843 1.00949 1.01135 1.01397 1.01518 1.01618 1.01806 1.0246 1.04432 1.04362 1.03827 1.04408 1.03889 1.04584 1.04778 1.05212 1.05225 1.10496 1.11501 1.00033 1.00002 1 1 1 1 1 1 1 1 1 1 1.00695 1.20513 
3.32991 1.19972 1.00695 1 1 1 1 1 1 1 1 1 1 1 1.00003 1.00047 1.00142 1.03695 1.02153 1.433 1.31721 1.16731 1.06845 1.05242 1.0486 1.04575 1.04256 1.03958 1.0373 1.03518 1.0325 1.02998 1.02801 1.02627 1.02478 1.02349 1.0224 1.02157 1.02092 1.02032 1.0198 1.01929 1.01869 1.01797 1.01713 1.01621 1.01524 1.01427 1.01334 1.01245 1.0116 1.0108 1.01004 1.00932 1.00863 1.008 1.00741 1.00689 1.00645 1.00608 1.00582 1.00566 1.0056 1.00565 1.0058 1.00603 1.00631 1.00662 1.00691 1.00715 1.0073 1.00734 1.00728 1.00713 1.00698 1.00687 1.00691 1.00713 1.00757 1.00831 1.0092 1.0102 1.01144 1.0133 1.01607 1.01751 1.01871 1.02085 1.02766 1.03786 1.05447 1.06925 1.05415 1.04156 1.0519 1.0505 1.05352 1.09821 1.09965 1.0003 1.00002 1 1 1 1 1 1 1 1 1 1 1.00695 1.20513 
3.32991 1.19972 1.00695 1 1 1 1 1 1 1 1 1 1 1 1.00002 1.00022 1.00284 1.01577 1.1555 1.37795 1.22506 1.06928 1.05263 1.04982 1.04627 1.04296 1.03985 1.03707 1.0348 1.03239 1.02968 1.02745 1.02554 1.02386 1.02238 1.02111 1.02007 1.01924 1.01853 1.01798 1.01753 1.01708 1.01655 1.0159 1.01512 1.01426 1.01336 1.01246 1.01159 1.01077 1.01 1.00928 1.0086 1.00797 1.00739 1.00684 1.00634 1.00589 1.0055 1.00519 1.00496 1.00482 1.00479 1.00485 1.00501 1.00527 1.0056 1.006 1.00642 1.00685 1.00724 1.00757 1.00782 1.00799 1.0081 1.00817 1.00828 1.00849 1.00884 1.00938 1.01016 1.01103 1.01212 1.0135 1.01596 1.01805 1.01898 1.02146 1.02399 1.02671 1.03685 1.07446 1.08173 1.06762 1.04241 1.05807 1.0484 1.09637 1.08039 1.00013 1.00001 1 1 1 1 1 1 1 1 1 1 1.00695 1.20513 
3.32991 1.19972 1.00695 1 1 1 1 1 1 1 1 1 1 1 1.00009 1.00023 1.00589 1.09911 1.34748 1.2223 1.10101 1.05392 1.05067 1.0469 1.04355 1.04033 1.03735 1.03457 1.03219 1.02963 1.02715 1.02508 1.02322 1.02156 1.02011 1.01888 1.01786 1.01701 1.01634 1.01584 1.01542 1.01502 1.01455 1.01397 1.01326 1.01246 1.01162 1.01078 1.00998 1.00922 1.00851 1.00787 1.00727 1.00673 1.00623 1.00576 1.00534 1.00497 1.00464 1.00438 1.00419 1.00408 1.00405 1.00412 1.00429 1.00455 1.00491 1.00535 1.00585 1.0064 1.00698 1.00755 1.00808 1.00856 1.00898 1.00932 1.00963 1.00992 1.01025 1.01067 1.01129 1.01203 1.01291 1.01413 1.01589 1.0182 1.01991 1.02178 1.02429 1.02754 1.03037 1.04108 1.08993 1.10165 1.0834 1.04187 1.06769 1.11875 1.05635 1.00023 1.00002 1 1 1 1 1 1 1 1 1 1 1.00695 1.20513 
3.32991 1.19972 1.00695 1 1 1 1 1 1 1 1 1 1.00002 1.00034 1.00234 1.00236 1.18925 1.20589 1.34957 1.17452 1.06419 1.0515 1.04786 1.04435 1.04101 1.03789 1.03492 1.03229 1.02981 1.02726 1.02487 1.02284 1.02102 1.0194 1.01799 1.01678 1.01577 1.01495 1.01432 1.01384 1.01346 1.0131 1.0127 1.01218 1.01154 1.01081 1.01003 1.00925 1.00849 1.00779 1.00715 1.00657 1.00605 1.00558 1.00516 1.00478 1.00443 1.00413 1.00387 1.00365 1.0035 1.00341 1.00339 1.00347 1.00363 1.00389 1.00425 1.0047 1.00525 1.00588 1.00657 1.00731 1.00807 1.00882 1.00953 1.01017 1.01074 1.01122 1.01165 1.01206 1.01255 1.01318 1.01393 1.01493 1.01625 1.01811 1.0207 1.02256 1.02434 1.02728 1.03175 1.03441 1.04408 1.11031 1.12337 1.09433 1.06348 1.09947 1.00908 1.00031 1.00002 1 1 1 1 1 1 1 1 1 1 1.00695 1.20513 
3.32991 1.19972 1.00695 1 1 1 1 1 1 1 1 1 1.00003 1.00048 1.00004 1.12077 1.2615 1.14217 1.18988 1.10726 1.05247 1.04906 1.04534 1.04189 1.0386 1.03554 1.03261 1.03001 1.02751 1.02496 1.02271 1.02073 1.01895 1.01737 1.01599 1.01481 1.01384 1.01305 1.01244 1.01199 1.01164 1.01133 1.01099 1.01054 1.00997 1.0093 1.00858 1.00785 1.00715 1.0065 1.00591 1.00539 1.00493 1.00453 1.00418 1.00387 1.0036 1.00337 1.00316 1.003 1.00288 1.00281 1.00281 1.00288 1.00304 1.00329 1.00364 1.00409 1.00466 1.00532 1.00609 1.00694 1.00785 1.0088 1.00975 1.01066 1.01149 1.01221 1.01281 1.01332 1.01381 1.01438 1.01505 1.01591 1.01711 1.01857 1.0209 1.02314 1.02474 1.02742 1.03202 1.03594 1.03552 1.04846 1.16771 1.18467 1.13398 1.07111 1.00002 1.00003 1 1 1 1 1 1 1 1 1 1 1 1.00695 1.20513 
3.32991 1.19972 1.00695 1 1 1 1 1 1 1 1 1.00001 1.00009 1.00092 1.00712 1.23632 1.21139 1.06391 1.16633 1.10132 1.05018 1.04658 1.04297 1.03955 1.03633 1.03329 1.03038 1.02781 1.02527 1.02283 1.02069 1.01875 1.01701 1.01546 1.01413 1.01299 1.01205 1.01129 1.01071 1.01028 1.00997 1.00971 1.00942 1.00904 1.00854 1.00794 1.00728 1.0066 1.00595 1.00534 1.0048 1.00433 1.00393 1.00359 1.0033 1.00306 1.00285 1.00268 1.00253 1.00241 1.00232 1.00228 1.00229 1.00236 1.00251 1.00275 1.00308 1.00353 1.0041 1.00478 1.00558 1.0065 1.00751 1.00858 1.0097 1.0108 1.01184 1.01278 1.01358 1.01426 1.01485 1.01547 1.01618 1.01702 1.01808 1.01945 1.02133 1.0237 1.02559 1.02776 1.03214 1.03587 1.03737 1.03915 1.08593 1.18593 1.14489 1.02383 1.00399 1.00075 1.00005 1 1 1 1 1 1 1 1 1 1 1.00695 1.20513 
3.32991 1.19972 1.00695 1 1 1 1 1 1 1 1.00001 1.00012 1.00127 1.00111 1.15875 1.21066 1.11712 1.05149 1.15383 1.09513 1.04773 1.04431 1.04073 1.03736 1.03418 1.03115 1.02829 1.02575 1.02326 1.02088 1.01879 1.01689 1.01519 1.01369 1.0124 1.0113 1.01039 1.00967 1.00912 1.00872 1.00844 1.00822 1.008 1.00769 1.00726 1.00673 1.00612 1.0055 1.00489 1.00433 1.00383 1.00341 1.00305 1.00276 1.00252 1.00233 1.00218 1.00206 1.00196 1.00188 1.00183 1.00181 1.00183 1.0019 1.00205 1.00227 1.0026 1.00304 1.0036 1.00429 1.00511 1.00605 1.00711 1.00826 1.00946 1.01068 1.01185 1.01293 1.0139 1.01474 1.0155 1.01625 1.01709 1.01802 1.01911 1.02044 1.02207 1.02436 1.02641 1.02817 1.03159 1.03709 1.03964 1.03975 1.05194 1.18852 1.3123 1.0346 1.00499 1.00037 1.00003 1 1 1 1 1 1 1 1 1 1 1.00695 1.20513 
3.32997 1.19972 1.00695 1 1 1 1 1 1 1 1.00002 1.00023 1.00264 1.00839 1.2742 1.22959 1.07475 1.05082 1.141 1.08941 1.04559 1.04217 1.03862 1.0353 1.03215 1.02915 1.02634 1.02383 1.02138 1.01907 1.01702 1.01516 1.01351 1.01205 1.0108 1.00974 1.00888 1.00819 1.00767 1.0073 1.00705 1.00688 1.00671 1.00647 1.00612 1.00566 1.00511 1.00453 1.00397 1.00345 1.00299 1.00261 1.00229 1.00204 1.00185 1.00171 1.0016 1.00152 1.00146 1.00142 1.00139 1.00139 1.00143 1.00151 1.00165 1.00188 1.0022 1.00263 1.00318 1.00387 1.00469 1.00565 1.00672 1.00789 1.00913 1.01038 1.0116 1.01275 1.0138 1.01477 1.01569 1.01662 1.01762 1.01873 1.01998 1.02137 1.02301 1.02514 1.02713 1.02907 1.0314 1.03785 1.04232 1.03777 1.05227 1.18365 1.27899 1.06138 1.00365 1.00075 1.00006 1 1 1 1 1 1 1 1 1 1 1.00695 1.20513 
3.32988 1.19972 1.00695 1 1 1 1 1 1 1.00001 1.00009 1.00105 1.0003 1.13167 1.20679 1.10648 1.0607 1.04984 1.12906 1.08412 1.04358 1.04018 1.03667 1.03338 1.03025 1.02729 1.02452 1.02205 1.01965 1.01738 1.01538 1.01357 1.01196 1.01055 1.00934 1.00832 1.00749 1.00684 1.00635 1.00602 1.00581 1.00568 1.00557 1.0054 1.00512 1.00472 1.00424 1.00371 1.00319 1.00271 1.00229 1.00194 1.00166 1.00144 1.00128 1.00118 1.00111 1.00106 1.00103 1.00102 1.00102 1.00104 1.00109 1.00118 1.00133 1.00155 1.00187 1.0023 1.00285 1.00354 1.00436 1.00531 1.00638 1.00754 1.00877 1.01 1.0112 1.01234 1.0134 1.01443 1.01545 1.01654 1.01771 1.01903 1.0205 1.02203 1.02375 1.02577 1.02796 1.03005 1.03372 1.04102 1.04055 1.0485 1.13493 1.15957 1.13528 1.03626 1.01779 1.00108 1.00007 1.00001 1 1 1 1 1 1 1 1 1 1.00695 1.20513 
3.32988 1.19972 1.00695 1 1 1 1 1 1 1.00001 1.00011 1.00151 1.00709 1.26156 1.21871 1.06895 1.05895 1.04848 1.11845 1.07921 1.04172 1.03833 1.03486 1.0316 1.0285 1.02557 1.02285 1.02041 1.01805 1.01583 1.01387 1.0121 1.01054 1.00917 1.00801 1.00704 1.00625 1.00563 1.00518 1.00488 1.00471 1.00462 1.00457 1.00447 1.00426 1.00393 1.00351 1.00303 1.00255 1.00211 1.00172 1.0014 1.00114 1.00096 1.00083 1.00075 1.0007 1.00068 1.00068 1.00068 1.0007 1.00074 1.0008 1.00091 1.00107 1.0013 1.00163 1.00207 1.00262 1.0033 1.00412 1.00506 1.00611 1.00724 1.00842 1.00959 1.01072 1.01179 1.01281 1.01383 1.0149 1.01609 1.01741 1.01889 1.02057 1.02232 1.02421 1.02617 1.02849 1.03087 1.03851 1.04343 1.03558 1.07703 1.15421 1.07744 1.04893 1.09353 1.04387 1.00147 1.00007 1.00001 1 1 1 1 1 1 1 1 1 1.00695 1.20513 
3.32983 1.19972 1.00695 1 1 1 1 1 1 1.00001 1.00016 1.00165 1.00609 1.29274 1.14471 1.05554 1.05721 1.04692 1.10914 1.07465 1.04001 1.03665 1.0332 1.02996 1.02689 1.024 1.02132 1.01891 1.01659 1.01442 1.0125 1.01078 1.00926 1.00794 1.00681 1.00589 1.00514 1.00457 1.00415 1.00388 1.00374 1.0037 1.0037 1.00366 1.00353 1.00327 1.00291 1.00248 1.00204 1.00163 1.00127 1.00098 1.00075 1.00059 1.00048 1.00042 1.00039 1.00038 1.00039 1.00042 1.00045 1.0005 1.00058 1.0007 1.00088 1.00113 1.00148 1.00192 1.00249 1.00317 1.00399 1.00491 1.00593 1.00701 1.00811 1.00918 1.0102 1.01117 1.01211 1.01308 1.01416 1.0154 1.01681 1.01841 1.02019 1.02223 1.02428 1.02628 1.02878 1.0312 1.04258 1.04703 1.04013 1.13445 1.13934 1.05901 1.04453 1.0811 1.06908 1.00904 1.00019 1.00001 1 1 1 1 1 1 1 1 1 1.00695 1.20513 
3.32983 1.19972 1.00695 1 1 1 1 1 1.00001 1.00013 1.00144 1.00002 1.14581 1.21447 1.11052 1.05565 1.0552 1.04561 1.10096 1.07043 1.03846 1.03512 1.03169 1.02848 1.02544 1.02258 1.01995 1.01756 1.01528 1.01315 1.01127 1.00959 1.00812 1.00684 1.00576 1.00487 1.00417 1.00364 1.00326 1.00303 1.00292 1.00292 1.00297 1.00299 1.00293 1.00274 1.00243 1.00205 1.00165 1.00128 1.00095 1.00068 1.00047 1.00033 1.00024 1.00019 1.00017 1.00017 1.00019 1.00022 1.00027 1.00033 1.00043 1.00057 1.00077 1.00104 1.0014 1.00187 1.00245 1.00315 1.00395 1.00486 1.00584 1.00685 1.00786 1.00881 1.00969 1.01053 1.01137 1.01228 1.01334 1.01458 1.01603 1.01771 1.01957 1.02173 1.02394 1.02604 1.02869 1.03123 1.04331 1.05906 1.08513 1.09208 1.0732 1.04361 1.05508 1.05279 1.09997 1.03592 1.0002 1.00001 1 1 1 1 1 1 1 1 1 1.00695 1.20513 
3.32957 1.19972 1.00695 1 1 1 1 1 1.00001 1.00014 1.00181 1.0075 1.26562 1.22467 1.07151 1.05405 1.05349 1.04433 1.0936 1.06657 1.0371 1.03375 1.03034 1.02716 1.02415 1.02133 1.01872 1.01636 1.01411 1.01203 1.01019 1.00855 1.00712 1.00588 1.00484 1.004 1.00334 1.00285 1.00251 1.00231 1.00224 1.00228 1.00237 1.00246 1.00245 1.00232 1.00208 1.00175 1.00138 1.00104 1.00073 1.00049 1.0003 1.00017 1.0001 1.00005 1.00004 1.00005 1.00007 1.0001 1.00015 1.00023 1.00034 1.0005 1.00073 1.00103 1.00142 1.00191 1.00251 1.00322 1.00402 1.0049 1.00583 1.00677 1.00766 1.00847 1.00921 1.00992 1.01065 1.01148 1.0125 1.01373 1.01519 1.01689 1.01883 1.02102 1.02328 1.02552 1.02826 1.03085 1.05076 1.10269 1.07348 1.06198 1.03948 1.05307 1.04846 1.04996 1.07989 1.06418 1.00009 1.00001 1 1 1 1 1 1 1 1 1 1.00695 1.20513 
3.32945 1.19972 1.00695 1 1 1 1 1 1.00001 1.0001 1.00112 1.00613 1.29244 1.13795 1.05767 1.05348 1.05181 1.04325 1.08727 1.06309 1.03586 1.03255 1.02916 1.026 1.02302 1.02023 1.01766 1.0153 1.0131 1.01107 1.00926 1.00766 1.00626 1.00507 1.00407 1.00327 1.00265 1.0022 1.0019 1.00174 1.0017 1.00177 1.00191 1.00204 1.0021 1.00203 1.00183 1.00155 1.00122 1.0009 1.00062 1.0004 1.00023 1.00012 1.00005 1.00001 1 1.00001 1.00003 1.00006 1.00012 1.0002 1.00033 1.00051 1.00076 1.00109 1.00151 1.00203 1.00266 1.00338 1.00418 1.00503 1.00591 1.00675 1.00752 1.00819 1.00878 1.00935 1.00997 1.01074 1.0117 1.01291 1.01435 1.01604 1.018 1.02024 1.02251 1.0248 1.0275 1.03006 1.06684 1.1094 1.04262 1.04107 1.04487 1.04803 1.0505 1.0501 1.0939 1.08268 1.00088 1.00002 1 1 1 1 1 1 1 1 1 1.00695 1.20513 
3.32908 1.19972 1.00695 1 1 1 1 1 1.00001 1.00019 1.00416 1.0065 1.29409 1.13908 1.0576 1.05253 1.05047 1.04246 1.08111 1.05991 1.03495 1.03153 1.02816 1.02502 1.02207 1.0193 1.01675 1.01439 1.01225 1.01029 1.00849 1.00692 1.00556 1.00441 1.00345 1.00269 1.00211 1.00169 1.00143 1.0013 1.0013 1.00141 1.00158 1.00176 1.00186 1.00185 1.0017 1.00145 1.00116 1.00087 1.00061 1.0004 1.00025 1.00015 1.00009 1.00005 1.00004 1.00005 1.00007 1.0001 1.00016 1.00026 1.0004 1.0006 1.00087 1.00123 1.00169 1.00224 1.00289 1.00362 1.00442 1.00524 1.00605 1.00679 1.00743 1.00795 1.0084 1.00884 1.00937 1.01007 1.01099 1.01215 1.01358 1.01525 1.01718 1.01944 1.02174 1.02401 1.02657 1.03579 1.09251 1.09074 1.03954 1.03827 1.04438 1.0465 1.05025 1.05056 1.0831 1.08723 1.00975 1.00017 1.00001 1 1 1 1 1 1 1 1 1.00695 1.20513 
3.32957 1.19972 1.00695 1 1 1 1 1.00001 1.00009 1.00109 1.00076 1.11759 1.21058 1.10909 1.057 1.05164 1.04949 1.04162 1.07738 1.05727 1.03371 1.03067 1.02734 1.02421 1.02128 1.01854 1.01602 1.01367 1.01158 1.00965 1.00787 1.00634 1.00502 1.0039 1.00298 1.00225 1.00171 1.00133 1.00111 1.00101 1.00104 1.00117 1.00138 1.00159 1.00174 1.00177 1.00166 1.00145 1.00119 1.00092 1.00068 1.00049 1.00035 1.00026 1.0002 1.00018 1.00017 1.00017 1.00019 1.00022 1.00029 1.00039 1.00054 1.00076 1.00106 1.00145 1.00193 1.00251 1.00319 1.00393 1.00472 1.00551 1.00625 1.00689 1.00739 1.00777 1.00808 1.00841 1.00886 1.0095 1.01037 1.0115 1.0129 1.01456 1.01643 1.01869 1.021 1.02326 1.02645 1.05279 1.08024 1.04347 1.03401 1.03944 1.04206 1.04647 1.04921 1.05063 1.05674 1.10437 1.03826 1.00017 1.00001 1 1 1 1 1 1 1 1 1.00695 1.20513 
3.32994 1.19972 1.00695 1 1 1 1 1.00001 1.00009 1.0013 1.00646 1.23208 1.21745 1.07152 1.05517 1.05224 1.04682 1.04406 1.06299 1.06087 1.03647 1.02994 1.02671 1.02359 1.02067 1.01795 1.01546 1.01314 1.01107 1.00916 1.00742 1.00592 1.00463 1.00355 1.00266 1.00197 1.00147 1.00112 1.00093 1.00086 1.00092 1.00107 1.0013 1.00155 1.00174 1.0018 1.00172 1.00154 1.0013 1.00105 1.00082 1.00065 1.00052 1.00044 1.00039 1.00037 1.00036 1.00037 1.00038 1.00042 1.00049 1.0006 1.00076 1.00099 1.00131 1.00173 1.00224 1.00285 1.00355 1.0043 1.00508 1.00583 1.0065 1.00703 1.0074 1.00765 1.00784 1.00808 1.00845 1.00904 1.00988 1.01098 1.01235 1.01396 1.01577 1.01807 1.02041 1.02264 1.02488 1.06044 1.09203 1.02647 1.03593 1.03681 1.0423 1.04509 1.04907 1.05069 1.04831 1.07887 1.05783 1.00009 1.00001 1 1 1 1 1 1 1 1 1.00695 1.20513 
3.32983 1.19972 1.00695 1 1 1 1 1 1.00004 1.00047 1.00263 1.26395 1.13843 1.05789 1.05568 1.05091 1.04756 1.0415 1.04418 1.05833 1.0449 1.0293 1.02624 1.02315 1.02025 1.01755 1.01507 1.01278 1.01072 1.00885 1.00715 1.00567 1.00441 1.00336 1.0025 1.00185 1.00137 1.00106 1.0009 1.00086 1.00093 1.00111 1.00136 1.00163 1.00184 1.00193 1.00187 1.00171 1.00149 1.00125 1.00104 1.00088 1.00076 1.00069 1.00065 1.00063 1.00063 1.00063 1.00065 1.00069 1.00076 1.00088 1.00105 1.0013 1.00163 1.00207 1.00261 1.00324 1.00396 1.00472 1.00549 1.0062 1.00679 1.00722 1.00747 1.0076 1.00769 1.00785 1.00817 1.00871 1.00951 1.01058 1.01193 1.01349 1.01537 1.01767 1.01981 1.0219 1.02905 1.06813 1.06863 1.03147 1.03286 1.03756 1.04088 1.04503 1.04833 1.05075 1.04955 1.08301 1.06437 1.0001 1.00001 1 1 1 1 1 1 1 1 1.00695 1.20513 
3.32974 1.19972 1.00695 1 1 1 1 1 1.00004 1.00048 1.00277 1.26467 1.13702 1.05901 1.05515 1.05097 1.04669 1.04204 1.03795 1.05513 1.05376 1.03187 1.02583 1.02291 1.02001 1.01733 1.01486 1.0126 1.01054 1.00872 1.00706 1.00559 1.00436 1.00333 1.00251 1.00189 1.00144 1.00116 1.00102 1.001 1.00109 1.00128 1.00154 1.00182 1.00205 1.00215 1.00211 1.00196 1.00175 1.00153 1.00133 1.00117 1.00107 1.001 1.00097 1.00095 1.00095 1.00097 1.00099 1.00103 1.00111 1.00122 1.0014 1.00166 1.00201 1.00246 1.00302 1.00368 1.00441 1.00518 1.00593 1.0066 1.00712 1.00745 1.0076 1.00763 1.00764 1.00773 1.00801 1.00852 1.0093 1.01034 1.01163 1.01317 1.01523 1.01733 1.01923 1.02118 1.04198 1.06252 1.03698 1.02779 1.03399 1.03626 1.04098 1.04435 1.04822 1.05052 1.04971 1.08609 1.07055 1.00011 1.00001 1 1 1 1 1 1 1 1 1.00695 1.20513 
3.32974 1.19972 1.00695 1 1 1 1 1 1.00004 1.00052 1.00275 1.26787 1.13746 1.05873 1.05485 1.0512 1.04608 1.0428 1.03707 1.04016 1.05072 1.03928 1.02596 1.02282 1.01997 1.0173 1.01484 1.01261 1.01056 1.00875 1.00715 1.0057 1.00448 1.00348 1.00269 1.00209 1.00167 1.00142 1.0013 1.00129 1.0014 1.00159 1.00185 1.00214 1.00237 1.00247 1.00244 1.0023 1.00209 1.00187 1.00168 1.00153 1.00143 1.00137 1.00135 1.00134 1.00135 1.00136 1.00139 1.00144 1.00151 1.00163 1.00181 1.00207 1.00243 1.0029 1.00348 1.00415 1.0049 1.00567 1.00641 1.00704 1.00749 1.00774 1.0078 1.00775 1.00769 1.00774 1.00799 1.00848 1.00924 1.01024 1.01149 1.01301 1.01515 1.01718 1.01825 1.02512 1.05888 1.05692 1.0252 1.0292 1.03284 1.03656 1.04046 1.04434 1.04795 1.05053 1.04984 1.08762 1.0735 1.00012 1.00001 1 1 1 1 1 1 1 1 1.00695 1.20513 
3.32991 1.19972 1.00695 1 1 1 1 1 1.00004 1.00047 1.00262 1.26456 1.13732 1.05896 1.05526 1.05085 1.04689 1.04177 1.03889 1.03244 1.05337 1.04236 1.02569 1.02303 1.02011 1.01746 1.01502 1.0128 1.01078 1.00896 1.0074 1.006 1.00478 1.0038 1.00303 1.00246 1.00207 1.00183 1.00173 1.00174 1.00184 1.00203 1.00229 1.00257 1.00279 1.0029 1.00286 1.00271 1.0025 1.00229 1.0021 1.00196 1.00186 1.00181 1.00179 1.00179 1.00181 1.00183 1.00186 1.0019 1.00197 1.00209 1.00227 1.00253 1.0029 1.00338 1.00397 1.00466 1.00541 1.00619 1.00691 1.00751 1.00792 1.0081 1.00809 1.00797 1.00787 1.00789 1.00812 1.0086 1.00932 1.01029 1.01152 1.01301 1.0152 1.01702 1.02242 1.04608 1.04884 1.03451 1.02356 1.03055 1.03207 1.03698 1.0402 1.04449 1.04785 1.05059 1.0498 1.08771 1.07363 1.00012 1.00001 1 1 1 1 1 1 1 1 1.00695 1.20513 
3.32989 1.19972 1.00695 1 1 1 1 1 1.00004 1.00048 1.00246 1.26292 1.13819 1.05812 1.05545 1.05133 1.04694 1.04253 1.03856 1.03478 1.04768 1.04596 1.02861 1.02301 1.02047 1.01782 1.01539 1.01317 1.01119 1.00937 1.00782 1.00648 1.00527 1.0043 1.00356 1.003 1.00263 1.00241 1.00232 1.00233 1.00244 1.00262 1.00286 1.00313 1.00333 1.00342 1.00337 1.00321 1.003 1.00278 1.00259 1.00245 1.00237 1.00232 1.00231 1.00232 1.00234 1.00236 1.00239 1.00243 1.0025 1.0026 1.00278 1.00304 1.00341 1.00389 1.00449 1.00519 1.00596 1.00674 1.00746 1.00804 1.0084 1.00854 1.00848 1.00831 1.00818 1.00819 1.00841 1.00886 1.00955 1.0105 1.01173 1.01338 1.01567 1.01696 1.03266 1.04895 1.03018 1.02021 1.02687 1.02894 1.03327 1.03661 1.04073 1.04447 1.04812 1.05057 1.04974 1.08626 1.07077 1.00011 1.00001 1 1 1 1 1 1 1 1 1.00695 1.20513 
3.32966 1.19972 1.00695 1 1 1 1 1.00001 1.00008 1.00121 1.00631 1.23119 1.21904 1.07124 1.05563 1.05167 1.04778 1.04255 1.03995 1.03356 1.03794 1.04289 1.03945 1.02602 1.02091 1.01839 1.01596 1.01374 1.01178 1.01 1.00842 1.00712 1.00599 1.00501 1.00426 1.00373 1.00337 1.00316 1.00307 1.00309 1.00318 1.00334 1.00357 1.00381 1.00399 1.00406 1.00399 1.00381 1.00358 1.00336 1.00317 1.00303 1.00295 1.00291 1.0029 1.00292 1.00294 1.00297 1.003 1.00303 1.00308 1.00318 1.00334 1.0036 1.00396 1.00445 1.00506 1.00577 1.00655 1.00734 1.00806 1.00863 1.00897 1.00907 1.00898 1.00879 1.00864 1.00864 1.00885 1.00928 1.00996 1.01092 1.0121 1.01424 1.01562 1.02042 1.04559 1.04309 1.01893 1.02396 1.0263 1.02992 1.03337 1.03719 1.04102 1.04489 1.04837 1.05071 1.04941 1.08341 1.06525 1.0001 1.00001 1 1 1 1 1 1 1 1 1.00695 1.20513 
3.32922 1.19972 1.00695 1 1 1 1 1.00001 1.00009 1.00107 1.00055 1.11816 1.21067 1.10991 1.05645 1.05264 1.04804 1.04407 1.03941 1.03666 1.03045 1.03456 1.04179 1.03212 1.02159 1.01916 1.01672 1.01452 1.01255 1.01082 1.00923 1.0079 1.00685 1.00591 1.00515 1.00463 1.00428 1.00408 1.004 1.00399 1.00407 1.00421 1.00441 1.00462 1.00477 1.00481 1.00471 1.00451 1.00427 1.00403 1.00384 1.0037 1.00362 1.00359 1.00359 1.00361 1.00364 1.00366 1.00368 1.0037 1.00374 1.00382 1.00397 1.00422 1.00458 1.00506 1.00568 1.0064 1.00719 1.00799 1.00872 1.00929 1.00963 1.00972 1.0096 1.00941 1.00926 1.00925 1.00945 1.00987 1.01057 1.01149 1.01308 1.01486 1.01983 1.03733 1.04053 1.02799 1.01951 1.02471 1.02662 1.0307 1.03392 1.03785 1.04158 1.04545 1.04878 1.05083 1.04909 1.07883 1.05715 1.00008 1.00001 1 1 1 1 1 1 1 1 1.00695 1.20513 
3.32931 1.19972 1.00695 1 1 1 1 1 1.00001 1.00017 1.00322 1.00599 1.29501 1.1402 1.05713 1.05343 1.04921 1.04477 1.04085 1.03673 1.03378 1.02869 1.03979 1.03918 1.02464 1.01984 1.01774 1.0155 1.01352 1.01181 1.01029 1.0089 1.00786 1.00701 1.00625 1.00571 1.00537 1.00518 1.00509 1.00507 1.00511 1.00523 1.00539 1.00557 1.00568 1.00568 1.00555 1.00532 1.00506 1.00481 1.00462 1.00448 1.0044 1.00437 1.00438 1.0044 1.00443 1.00445 1.00446 1.00447 1.00449 1.00455 1.00468 1.00492 1.00527 1.00575 1.00637 1.0071 1.00791 1.00872 1.00947 1.01005 1.01041 1.0105 1.01038 1.01019 1.01004 1.01003 1.01023 1.01066 1.01134 1.01234 1.01397 1.01948 1.0359 1.03862 1.02608 1.01631 1.02262 1.02438 1.02813 1.0312 1.03494 1.03857 1.04243 1.04611 1.04931 1.05091 1.04748 1.07317 1.04894 1.00007 1 1 1 1 1 1 1 1 1 1.00695 1.20513 
3.32942 1.19972 1.00695 1 1 1 1 1 1.00001 1.00009 1.00099 1.00558 1.29283 1.13915 1.05714 1.05437 1.05037 1.04595 1.04212 1.03776 1.03498 1.03005 1.03338 1.03804 1.03461 1.02321 1.01861 1.01673 1.01471 1.01299 1.01151 1.01016 1.00906 1.00827 1.00761 1.00702 1.00664 1.00645 1.00635 1.00631 1.00632 1.00639 1.00652 1.00666 1.00673 1.00668 1.00651 1.00625 1.00597 1.00572 1.00551 1.00537 1.00529 1.00527 1.00528 1.00531 1.00533 1.00535 1.00534 1.00533 1.00534 1.00538 1.00549 1.00571 1.00605 1.00654 1.00715 1.00789 1.00871 1.00955 1.01032 1.01093 1.01131 1.01141 1.01132 1.01114 1.011 1.011 1.0112 1.01164 1.01239 1.01333 1.01963 1.03577 1.03663 1.02424 1.01495 1.02131 1.02257 1.02601 1.02888 1.03241 1.03589 1.03963 1.04336 1.04697 1.04991 1.0504 1.05502 1.09121 1.03091 1.00012 1.00001 1 1 1 1 1 1 1 1 1.00695 1.20513 
3.3296 1.19972 1.00695 1 1 1 1 1 1.00001 1.00013 1.0017 1.00702 1.25934 1.22312 1.07078 1.05507 1.05165 1.04751 1.04321 1.03964 1.03556 1.03292 1.02732 1.03166 1.03656 1.03293 1.02214 1.01783 1.01616 1.01436 1.0129 1.01164 1.01046 1.00962 1.00908 1.00861 1.00816 1.00789 1.00778 1.00772 1.00769 1.00771 1.0078 1.0079 1.00792 1.00783 1.00761 1.00732 1.00702 1.00675 1.00653 1.00639 1.00632 1.0063 1.00631 1.00634 1.00636 1.00636 1.00635 1.00632 1.0063 1.00632 1.00642 1.00662 1.00696 1.00743 1.00805 1.0088 1.00963 1.01049 1.01129 1.01193 1.01234 1.01248 1.01242 1.01227 1.01214 1.01216 1.01236 1.01289 1.0131 1.01882 1.03593 1.03673 1.02287 1.01419 1.01998 1.02099 1.02431 1.02705 1.03029 1.0336 1.03717 1.04082 1.04451 1.04792 1.05041 1.05051 1.07738 1.07343 1.00706 1.00011 1.00001 1 1 1 1 1 1 1 1 1.00695 1.20513 
3.32954 1.19972 1.00695 1 1 1 1 1 1.00001 1.00011 1.00129 1.00011 1.13869 1.21174 1.109 1.05703 1.05313 1.04905 1.04497 1.04099 1.0376 1.03376 1.03158 1.02594 1.03017 1.03519 1.03172 1.02149 1.01748 1.01601 1.01451 1.01328 1.01222 1.01122 1.01059 1.01028 1.00998 1.00959 1.00938 1.0093 1.00925 1.00921 1.00924 1.00929 1.00926 1.00912 1.00886 1.00854 1.00821 1.00792 1.0077 1.00756 1.00749 1.00747 1.00748 1.00751 1.00752 1.00751 1.00748 1.00743 1.00739 1.0074 1.00748 1.00767 1.00799 1.00846 1.00908 1.00983 1.01067 1.01156 1.01239 1.01307 1.01352 1.01373 1.0137 1.01358 1.01348 1.01351 1.01381 1.01419 1.0192 1.03698 1.03794 1.02202 1.01372 1.01911 1.02001 1.0231 1.02559 1.02865 1.03171 1.0351 1.03859 1.04221 1.04577 1.04892 1.05081 1.04855 1.08471 1.06447 1.00057 1.00001 1 1 1 1 1 1 1 1 1 1.00695 1.20513 
3.32994 1.19972 1.00695 1 1 1 1 1 1 1.00001 1.00018 1.00176 1.00601 1.28223 1.14187 1.05728 1.05468 1.05082 1.04677 1.0429 1.03919 1.03597 1.03224 1.03035 1.02506 1.02921 1.03423 1.03098 1.02126 1.01765 1.01618 1.01505 1.01407 1.01323 1.01239 1.01195 1.01182 1.01174 1.01148 1.01114 1.01095 1.01094 1.01087 1.01084 1.01076 1.01056 1.01026 1.0099 1.00955 1.00925 1.00902 1.00888 1.00881 1.00879 1.00881 1.00883 1.00883 1.0088 1.00875 1.00869 1.00863 1.00862 1.00868 1.00885 1.00917 1.00963 1.01025 1.01101 1.01187 1.01277 1.01363 1.01436 1.01488 1.01514 1.01517 1.01509 1.015 1.01516 1.01519 1.02088 1.03804 1.03927 1.0241 1.01347 1.01885 1.01943 1.02234 1.02455 1.02743 1.03031 1.03342 1.03675 1.04023 1.04375 1.04713 1.04992 1.05055 1.05566 1.09891 1.03797 1.00012 1.00001 1 1 1 1 1 1 1 1 1 1.00695 1.20513 
3.32994 1.19972 1.00695 1 1 1 1 1 1 1.00001 1.00011 1.00141 1.00687 1.25986 1.21992 1.07105 1.056 1.05273 1.04888 1.04489 1.04129 1.03781 1.03481 1.03125 1.02953 1.02455 1.02874 1.03356 1.03176 1.02528 1.02 1.01678 1.01604 1.01531 1.01466 1.01392 1.01363 1.01363 1.01363 1.01344 1.01294 1.01274 1.01267 1.01256 1.01243 1.01217 1.01182 1.01143 1.01106 1.01074 1.01051 1.01036 1.01029 1.01028 1.01029 1.01031 1.0103 1.01025 1.01018 1.01009 1.01002 1.00999 1.01004 1.0102 1.0105 1.01096 1.01159 1.01235 1.01321 1.01412 1.01502 1.01581 1.01639 1.01672 1.01684 1.01677 1.01706 1.01694 1.02204 1.04039 1.04043 1.02361 1.01371 1.01884 1.01932 1.02199 1.02396 1.0266 1.02933 1.0322 1.03529 1.03861 1.04202 1.04542 1.04851 1.0506 1.04961 1.07706 1.07384 1.00833 1.00016 1.00001 1 1 1 1 1 1 1 1 1 1.00695 1.20513 
3.32997 1.19972 1.00695 1 1 1 1 1 1 1.00001 1.00009 1.00106 1.00038 1.13375 1.20768 1.11008 1.05746 1.05477 1.051 1.0472 1.04347 1.04013 1.03684 1.03401 1.03074 1.02911 1.02459 1.02845 1.03098 1.03194 1.02966 1.02093 1.01801 1.01734 1.01696 1.01648 1.0158 1.01534 1.01529 1.01552 1.01564 1.01534 1.01493 1.0145 1.01425 1.01396 1.01356 1.01313 1.01274 1.01241 1.01217 1.01202 1.01195 1.01193 1.01194 1.01195 1.01193 1.01187 1.01178 1.01167 1.01157 1.01153 1.01156 1.01172 1.01203 1.01248 1.01309 1.01383 1.0147 1.01564 1.01658 1.01743 1.01809 1.01861 1.01897 1.0192 1.01894 1.02357 1.04298 1.04362 1.02559 1.01451 1.0196 1.01962 1.02212 1.02388 1.02617 1.02872 1.03146 1.03426 1.03739 1.04063 1.04395 1.04713 1.04982 1.05055 1.05667 1.11322 1.04789 1.00074 1.00002 1 1 1 1 1 1 1 1 1 1 1.00695 1.20513 
3.32997 1.19972 1.00695 1 1 1 1 1 1 1 1.00001 1.00017 1.00214 1.00715 1.25695 1.22167 1.07177 1.05558 1.05334 1.04969 1.04593 1.04252 1.03937 1.03631 1.03357 1.03078 1.02881 1.02586 1.02326 1.0273 1.03235 1.03211 1.02626 1.02129 1.01899 1.01898 1.01871 1.01832 1.01753 1.01732 1.01765 1.01783 1.01814 1.01765 1.01662 1.01588 1.01545 1.01501 1.01458 1.01425 1.01401 1.01386 1.01379 1.01377 1.01377 1.01375 1.01371 1.01364 1.01353 1.01341 1.01331 1.01326 1.01331 1.01345 1.01372 1.01415 1.01474 1.01549 1.0164 1.01742 1.01844 1.01938 1.02016 1.02084 1.02126 1.02066 1.02539 1.0459 1.04671 1.02828 1.01542 1.02065 1.02033 1.02268 1.02425 1.02633 1.02853 1.03117 1.0338 1.03656 1.03964 1.04281 1.04596 1.04879 1.05066 1.04964 1.0782 1.07775 1.01027 1.00011 1.00001 1 1 1 1 1 1 1 1 1 1 1.00695 1.20513 
3.32991 1.19972 1.00695 1 1 1 1 1 1 1 1.00001 1.00008 1.00092 1.00327 1.15128 1.24957 1.16802 1.07041 1.05517 1.05226 1.04863 1.04513 1.042 1.03905 1.03617 1.03366 1.03108 1.02932 1.02761 1.02398 1.02819 1.03232 1.03317 1.03277 1.02948 1.02741 1.02302 1.02102 1.02083 1.01969 1.01895 1.01919 1.01996 1.02042 1.02061 1.0197 1.01876 1.01776 1.01685 1.01626 1.01604 1.01589 1.01581 1.01579 1.01577 1.01574 1.01567 1.0156 1.01553 1.0154 1.01526 1.01519 1.01519 1.01531 1.01557 1.01601 1.01662 1.0174 1.01834 1.01936 1.02038 1.02138 1.02224 1.0229 1.02244 1.02713 1.04938 1.05119 1.03141 1.01665 1.02223 1.02154 1.02373 1.02501 1.0269 1.02879 1.03119 1.03373 1.03626 1.03902 1.04205 1.04507 1.04793 1.0502 1.05045 1.05592 1.11004 1.04772 1.00086 1.00002 1 1 1 1 1 1 1 1 1 1 1 1.00695 1.20513 
3.32991 1.19972 1.00695 1 1 1 1 1 1 1 1 1.00001 1.00021 1.00165 1.00178 1.17517 1.2126 1.10971 1.0572 1.05493 1.0515 1.04799 1.04482 1.0419 1.03916 1.03646 1.03419 1.03179 1.02993 1.02866 1.02609 1.02458 1.02836 1.03361 1.03525 1.03428 1.03442 1.03158 1.03235 1.03059 1.02482 1.02149 1.02077 1.02145 1.02231 1.02278 1.0224 1.02085 1.01992 1.01918 1.01883 1.01859 1.01842 1.01831 1.01822 1.01811 1.01799 1.01785 1.01766 1.0175 1.01734 1.01722 1.01719 1.01731 1.01761 1.01806 1.01867 1.01945 1.02036 1.02131 1.02234 1.02331 1.02399 1.0245 1.02943 1.05314 1.05577 1.03478 1.0181 1.02424 1.02308 1.02519 1.02621 1.02793 1.0296 1.03167 1.03415 1.03646 1.03882 1.04167 1.04453 1.04732 1.04965 1.05094 1.04889 1.07394 1.07027 1.00939 1.00009 1.00001 1 1 1 1 1 1 1 1 1 1 1 1.00695 1.20513 
3.32991 1.19972 1.00695 1 1 1 1 1 1 1 1 1 1.00002 1.00021 1.0054 1.0083 1.26619 1.22255 1.07188 1.05629 1.05455 1.05116 1.04785 1.04492 1.04221 1.03965 1.03717 1.03513 1.03321 1.03125 1.0303 1.02878 1.02662 1.02645 1.02467 1.02888 1.03548 1.03769 1.03804 1.03798 1.03868 1.03499 1.03432 1.03124 1.0252 1.02291 1.02364 1.02452 1.02413 1.02231 1.02132 1.02105 1.02087 1.02076 1.02062 1.02049 1.02034 1.02011 1.01985 1.01967 1.01954 1.01944 1.01943 1.01955 1.01981 1.02023 1.02084 1.02163 1.0225 1.02352 1.02442 1.02534 1.03074 1.04306 1.06196 1.05894 1.03862 1.01979 1.02668 1.02493 1.02708 1.02781 1.02932 1.03083 1.03261 1.0348 1.03714 1.03927 1.04165 1.04438 1.047 1.04931 1.05089 1.04922 1.05332 1.09227 1.03728 1.00068 1.00001 1 1 1 1 1 1 1 1 1 1 1 1 1.00695 1.20513 
3.32991 1.19972 1.00695 1 1 1 1 1 1 1 1 1 1.00001 1.00009 1.00054 1.00348 1.15463 1.2492 1.16488 1.07188 1.05598 1.05447 1.05126 1.04814 1.04546 1.04297 1.04056 1.03831 1.03641 1.03488 1.03305 1.0318 1.03118 1.02993 1.02939 1.02763 1.02761 1.02661 1.0252 1.02938 1.03743 1.04128 1.04144 1.04069 1.04058 1.03497 1.03533 1.03701 1.03492 1.0301 1.02605 1.02379 1.02271 1.02272 1.02295 1.0229 1.02273 1.02253 1.02236 1.02215 1.02199 1.02187 1.02187 1.02195 1.02224 1.02267 1.02328 1.0238 1.02497 1.02552 1.03114 1.04402 1.06437 1.06176 1.05863 1.04147 1.02213 1.0294 1.02722 1.02935 1.02979 1.03112 1.03251 1.03412 1.03585 1.03835 1.04022 1.04201 1.04458 1.04701 1.04919 1.05081 1.04948 1.05539 1.09123 1.05555 1.00615 1.00005 1.00001 1 1 1 1 1 1 1 1 1 1 1 1 1.00695 1.20513 
3.32991 1.19972 1.00695 1 1 1 1 1 1 1 1 1 1 1.00001 1.0001 1.00094 1.00159 1.17344 1.25165 1.16537 1.07178 1.05605 1.05476 1.05176 1.04891 1.04647 1.04415 1.04193 1.03993 1.03823 1.03697 1.03556 1.03411 1.03332 1.03238 1.03222 1.03119 1.03076 1.0302 1.02837 1.02801 1.02739 1.02596 1.03217 1.03992 1.04178 1.04081 1.04028 1.04071 1.04458 1.0413 1.04313 1.03744 1.02887 1.02538 1.02561 1.02529 1.02528 1.02485 1.02479 1.02459 1.02451 1.02429 1.02459 1.02465 1.02517 1.0254 1.0306 1.04291 1.04988 1.0631 1.06304 1.06104 1.04438 1.02541 1.02741 1.03134 1.03019 1.03178 1.03211 1.03333 1.03473 1.03626 1.03745 1.03957 1.04171 1.04329 1.04508 1.04738 1.04932 1.05082 1.04954 1.05619 1.09786 1.06565 1.00906 1.00052 1.00001 1 1 1 1 1 1 1 1 1 1 1 1 1 1.00695 1.20513 
3.32991 1.19972 1.00695 1 1 1 1 1 1 1 1 1 1 1 1.00001 1.00014 1.00488 1.00145 1.18064 1.25279 1.16528 1.07195 1.05651 1.05539 1.05271 1.05005 1.04788 1.04579 1.04368 1.04198 1.04056 1.0394 1.0383 1.03711 1.03636 1.03533 1.03477 1.03385 1.03298 1.03289 1.03209 1.0317 1.03131 1.02924 1.02934 1.02797 1.02765 1.02615 1.03084 1.03848 1.04464 1.05037 1.04998 1.0517 1.04591 1.04629 1.04785 1.0422 1.03132 1.02706 1.02743 1.02678 1.03104 1.04252 1.04888 1.04818 1.04901 1.06164 1.06134 1.06428 1.06121 1.04508 1.02691 1.02927 1.03303 1.03471 1.03301 1.03465 1.03457 1.03554 1.03689 1.03849 1.03955 1.04111 1.04377 1.045 1.04587 1.04803 1.04973 1.05086 1.04949 1.05616 1.09996 1.07057 1.01077 1.00081 1.00004 1 1 1 1 1 1 1 1 1 1 1 1 1 1 1.00695 1.20513 
3.32991 1.19972 1.00695 1 1 1 1 1 1 1 1 1 1 1 1 1.00001 1.00067 1.00587 1.00141 1.17881 1.24991 1.16458 1.07197 1.05774 1.05591 1.05405 1.05179 1.0498 1.04787 1.04585 1.04442 1.04343 1.04245 1.04128 1.0401 1.0395 1.03865 1.03795 1.03713 1.03594 1.0354 1.03483 1.03419 1.03434 1.03319 1.03269 1.03179 1.03119 1.02957 1.02978 1.02828 1.02761 1.03534 1.0516 1.06079 1.06194 1.06345 1.05766 1.05924 1.05028 1.05004 1.05019 1.06026 1.05952 1.06517 1.06498 1.06537 1.06022 1.04281 1.02664 1.03089 1.02946 1.03495 1.03654 1.03568 1.03606 1.03771 1.03751 1.0383 1.03941 1.04132 1.0422 1.04348 1.04667 1.04791 1.04797 1.04881 1.05031 1.05044 1.04958 1.05504 1.09752 1.07035 1.01139 1.00095 1.00006 1 1 1 1 1 1 1 1 1 1 1 1 1 1 1 1.00695 1.20513 
3.32991 1.19972 1.00695 1 1 1 1 1 1 1 1 1 1 1 1 1 1.00004 1.00078 1.00574 1.00135 1.16806 1.24534 1.22138 1.10982 1.07103 1.0566 1.05578 1.05401 1.05237 1.05052 1.04841 1.04724 1.04675 1.0462 1.04488 1.04334 1.04251 1.0417 1.04082 1.04024 1.03952 1.03903 1.03847 1.03731 1.03676 1.03575 1.03494 1.03412 1.03408 1.03318 1.03356 1.03309 1.03117 1.03237 1.03002 1.02991 1.02829 1.03871 1.0585 1.06815 1.06691 1.06807 1.05913 1.0395 1.0267 1.02869 1.0288 1.03106 1.03006 1.03497 1.03552 1.03779 1.03698 1.0379 1.0399 1.04067 1.04051 1.04142 1.04246 1.04491 1.04602 1.04725 1.05077 1.05122 1.04996 1.04953 1.05085 1.04978 1.05833 1.08002 1.10551 1.06406 1.01076 1.00095 1.00006 1 1 1 1 1 1 1 1 1 1 1 1 1 1 1 1 1.00695 1.20513 
3.32991 1.19972 1.00695 1 1 1 1 1 1 1 1 1 1 1 1 1 1 1.00004 1.00064 1.0046 1.00142 1.14632 1.25765 1.21056 1.16724 1.07206 1.05796 1.05765 1.05591 1.05535 1.05413 1.05211 1.05076 1.0506 1.05058 1.04889 1.04681 1.04567 1.04488 1.04404 1.04341 1.04283 1.04231 1.0419 1.04092 1.04013 1.03929 1.03852 1.03758 1.03731 1.03642 1.0361 1.03671 1.03553 1.03624 1.0358 1.03553 1.0326 1.03425 1.03145 1.03134 1.03105 1.03333 1.03127 1.03448 1.03474 1.03549 1.03571 1.03776 1.03667 1.03813 1.0389 1.04123 1.04246 1.043 1.04373 1.04475 1.04588 1.04919 1.05027 1.05131 1.05604 1.05557 1.05232 1.05002 1.05078 1.04944 1.05619 1.11154 1.08827 1.04665 1.00826 1.0007 1.00005 1 1 1 1 1 1 1 1 1 1 1 1 1 1 1 1 1 1.00695 1.20513 
3.32991 1.19972 1.00695 1 1 1 1 1 1 1 1 1 1 1 1 1 1 1 1.00001 1.00014 1.00091 1.00317 1.00738 1.16238 1.24586 1.21707 1.14165 1.10873 1.07064 1.05824 1.05823 1.05804 1.05656 1.05478 1.05535 1.05601 1.05333 1.05026 1.04883 1.0481 1.04742 1.04687 1.04642 1.04566 1.04494 1.04389 1.04325 1.04273 1.04225 1.04143 1.04119 1.04067 1.03974 1.03988 1.03882 1.03834 1.03774 1.03882 1.03731 1.03838 1.03801 1.03789 1.03658 1.03788 1.03652 1.03725 1.03791 1.0389 1.039 1.04114 1.04218 1.0438 1.04449 1.04569 1.04703 1.04805 1.04943 1.05417 1.05551 1.05629 1.06321 1.06141 1.0548 1.04944 1.04989 1.05621 1.07734 1.10781 1.07276 1.01577 1.00138 1.00005 1.00001 1 1 1 1 1 1 1 1 1 1 1 1 1 1 1 1 1 1 1.00695 1.20513 
3.32991 1.19972 1.00695 1 1 1 1 1 1 1 1 1 1 1 1 1 1 1 1 1.00001 1.00009 1.00049 1.00468 1.00122 1.13562 1.24939 1.27848 1.21014 1.22534 1.11014 1.07161 1.0598 1.06133 1.06137 1.06114 1.0621 1.06555 1.06553 1.05881 1.05336 1.05129 1.05107 1.0504 1.05037 1.05058 1.04982 1.04826 1.04696 1.04604 1.0454 1.04472 1.04439 1.04442 1.04378 1.04374 1.04328 1.04291 1.04151 1.04165 1.04041 1.04017 1.03995 1.04065 1.0401 1.04181 1.04241 1.04282 1.04306 1.04414 1.0445 1.04585 1.04694 1.04862 1.04977 1.0524 1.05662 1.06087 1.06153 1.06191 1.07208 1.06838 1.05651 1.04657 1.05595 1.0756 1.11042 1.07559 1.046 1.00883 1.00099 1.00006 1 1 1 1 1 1 1 1 1 1 1 1 1 1 1 1 1 1 1 1 1.00695 1.20513 
3.32991 1.19972 1.00695 1 1 1 1 1 1 1 1 1 1 1 1 1 1 1 1 1 1.00001 1.00006 1.00026 1.00213 1.00376 1.00578 1.00622 1.15038 1.26746 1.20544 1.21859 1.13843 1.14081 1.14669 1.1441 1.14923 1.15882 1.15007 1.14545 1.11257 1.07721 1.06433 1.0606 1.05785 1.05561 1.05507 1.05327 1.05173 1.05037 1.04963 1.04935 1.04867 1.04805 1.04789 1.04714 1.04659 1.04596 1.04606 1.04517 1.04533 1.04506 1.04525 1.04558 1.04679 1.04613 1.04588 1.04599 1.0468 1.04769 1.04914 1.04998 1.05121 1.05229 1.05518 1.06551 1.06904 1.07635 1.08695 1.09291 1.08498 1.0968 1.08803 1.08182 1.09553 1.07119 1.04568 1.00967 1.0008 1.00009 1.00002 1 1 1 1 1 1 1 1 1 1 1 1 1 1 1 1 1 1 1 1 1 1.00695 1.20513 
3.32991 1.19972 1.00695 1 1 1 1 1 1 1 1 1 1 1 1 1 1 1 1 1 1 1 1.00002 1.00018 1.0008 1.00126 1.00137 1.00025 1.00892 1.11685 1.23393 1.2701 1.28601 1.30114 1.31222 1.32895 1.33311 1.29923 1.3267 1.23565 1.22675 1.14222 1.09201 1.06498 1.05784 1.05621 1.05616 1.05645 1.05743 1.05666 1.05513 1.05466 1.05418 1.05291 1.05227 1.05143 1.05091 1.04986 1.04975 1.04976 1.05152 1.05277 1.05231 1.05112 1.05055 1.04992 1.05037 1.05118 1.05231 1.05301 1.0544 1.05821 1.06585 1.07634 1.09419 1.12167 1.17658 1.14171 1.13665 1.12941 1.07719 1.08245 1.06051 1.036 1.0076 1.00066 1.0001 1.00002 1.00001 1 1 1 1 1 1 1 1 1 1 1 1 1 1 1 1 1 1 1 1 1 1 1.00695 1.20513 
3.32991 1.19972 1.00695 1 1 1 1 1 1 1 1 1 1 1 1 1 1 1 1 1 1 1 1 1.00001 1.00007 1.00009 1.00018 1.00141 1.00236 1.00028 1.00481 1.00303 1.0044 1.00484 1.00526 1.00911 1.00743 1.02615 1.07602 1.19852 1.29846 1.25078 1.23314 1.16638 1.1233 1.08755 1.065 1.06187 1.06256 1.06321 1.06388 1.06231 1.05932 1.05873 1.05724 1.05862 1.06323 1.06597 1.06517 1.06461 1.06134 1.05902 1.05583 1.05368 1.05298 1.05329 1.05406 1.05469 1.05512 1.05909 1.06803 1.08045 1.09596 1.14708 1.22543 1.1706 1.17323 1.09533 1.049 1.03264 1.00992 1.00101 1.00005 1.00017 1.00012 1.00002 1.00001 1 1 1 1 1 1 1 1 1 1 1 1 1 1 1 1 1 1 1 1 1 1 1 1 1.00695 1.20513 
3.32991 1.19972 1.00695 1 1 1 1 1 1 1 1 1 1 1 1 1 1 1 1 1 1 1 1 1 1 1.00001 1.00001 1.00013 1.00019 1.00084 1.00104 1.00068 1.00075 1.00104 1.00237 1.00431 1.005 1.00402 1.01029 1.00297 1.01138 1.11931 1.27246 1.32382 1.25281 1.23318 1.17636 1.14411 1.14149 1.14394 1.14755 1.14505 1.14607 1.13946 1.1356 1.13254 1.10292 1.09645 1.08047 1.07117 1.06242 1.05716 1.05618 1.05644 1.05648 1.0608 1.07077 1.0751 1.07572 1.10154 1.13355 1.17394 1.20982 1.17102 1.14128 1.04211 1.00044 1.00029 1.00013 1.00013 1.00025 1.00003 1.00001 1.00001 1.00001 1 1 1 1 1 1 1 1 1 1 1 1 1 1 1 1 1 1 1 1 1 1 1 1 1 1 1.00695 1.20513 
3.32991 1.19972 1.00695 1 1 1 1 1 1 1 1 1 1 1 1 1 1 1 1 1 1 1 1 1 1 1 1 1.00001 1.00001 1.00007 1.00008 1.00006 1.00006 1.00009 1.00017 1.00012 1.00016 1.00016 1.00052 1.00192 1.00436 1.00045 1.00554 1.00918 1.07637 1.22422 1.31973 1.30305 1.31064 1.31736 1.32169 1.32618 1.33385 1.30864 1.30511 1.24656 1.21946 1.16536 1.14103 1.11356 1.10824 1.10984 1.11092 1.11075 1.11694 1.1498 1.15785 1.17418 1.18479 1.22988 1.20289 1.19232 1.12637 1.03816 1.00065 1.00101 1.00016 1.00015 1.00001 1.00001 1.00002 1 1 1 1 1 1 1 1 1 1 1 1 1 1 1 1 1 1 1 1 1 1 1 1 1 1 1 1 1 1 1.00695 1.20513 
3.32991 1.19972 1.00695 1 1 1 1 1 1 1 1 1 1 1 1 1 1 1 1 1 1 1 1 1 1 1 1 1 1 1 1.00001 1 1 1.00001 1.00001 1.00001 1.00001 1.00001 1.00003 1.00018 1.00035 1.00083 1.00261 1.00387 1.00369 1.00299 1.00607 1.00497 1.00681 1.00736 1.00639 1.00722 1.00977 1.01673 1.03766 1.09765 1.15429 1.22517 1.24927 1.24901 1.25307 1.25732 1.25946 1.2599 1.26042 1.27336 1.22324 1.19907 1.17563 1.11352 1.02379 1.00045 1.00076 1.00167 1.0002 1.00009 1.00002 1.00001 1 1 1 1 1 1 1 1 1 1 1 1 1 1 1 1 1 1 1 1 1 1 1 1 1 1 1 1 1 1 1 1 1 1.00695 1.20513 
3.32991 1.19972 1.00695 1 1 1 1 1 1 1 1 1 1 1 1 1 1 1 1 1 1 1 1 1 1 1 1 1 1 1 1 1 1 1 1 1 1 1 1 1.00001 1.00002 1.00007 1.00023 1.00019 1.00042 1.00168 1.00067 1.00129 1.00313 1.00394 1.00431 1.00553 1.0064 1.0057 1.00465 1.00469 1.0033 1.00104 1.00512 1.03147 1.04155 1.04135 1.04083 1.03922 1.02841 1.00422 1.00207 1.00047 1.00058 1.00107 1.0003 1.0001 1.0001 1.00009 1.00001 1.00001 1 1 1 1 1 1 1 1 1 1 1 1 1 1 1 1 1 1 1 1 1 1 1 1 1 1 1 1 1 1 1 1 1 1 1 1.00695 1.20513 
3.32991 1.19972 1.00695 1 1 1 1 1 1 1 1 1 1 1 1 1 1 1 1 1 1 1 1 1 1 1 1 1 1 1 1 1 1 1 1 1 1 1 1 1 1 1 1.00002 1.00001 1.00003 1.00013 1.00006 1.00011 1.00012 1.00013 1.00017 1.00022 1.00016 1.00016 1.00026 1.00036 1.00049 1.00051 1 1.0005 1.00009 1.0001 1.0001 1.00009 1.00045 1.00001 1.00046 1.00004 1.00003 1.00007 1.00002 1.00001 1.00001 1.00001 1 1 1 1 1 1 1 1 1 1 1 1 1 1 1 1 1 1 1 1 1 1 1 1 1 1 1 1 1 1 1 1 1 1 1 1 1 1.00695 1.20513 
3.32991 1.19972 1.00695 1 1 1 1 1 1 1 1 1 1 1 1 1 1 1 1 1 1 1 1 1 1 1 1 1 1 1 1 1 1 1 1 1 1 1 1 1 1 1 1 1 1 1.00001 1 1.00001 1.00001 1.00001 1.00001 1.00001 1.00001 1.00001 1.00002 1.00003 1.00003 1.00004 1 1.00004 1.00001 1.00001 1.00001 1.00001 1.00004 1 1.00004 1 1 1.00001 1 1 1 1 1 1 1 1 1 1 1 1 1 1 1 1 1 1 1 1 1 1 1 1 1 1 1 1 1 1 1 1 1 1 1 1 1 1 1 1 1 1.00695 1.20513 
3.32991 1.19972 1.00695 1 1 1 1 1 1 1 1 1 1 1 1 1 1 1 1 1 1 1 1 1 1 1 1 1 1 1 1 1 1 1 1 1 1 1 1 1 1 1 1 1 1 1 1 1 1 1 1 1 1 1 1 1 1 1 1 1 1 1 1 1 1 1 1 1 1 1 1 1 1 1 1 1 1 1 1 1 1 1 1 1 1 1 1 1 1 1 1 1 1 1 1 1 1 1 1 1 1 1 1 1 1 1 1 1 1 1 1 1.00695 1.20513 
3.32991 1.19972 1.00695 1 1 1 1 1 1 1 1 1 1 1 1 1 1 1 1 1 1 1 1 1 1 1 1 1 1 1 1 1 1 1 1 1 1 1 1 1 1 1 1 1 1 1 1 1 1 1 1 1 1 1 1 1 1 1 1 1 1 1 1 1 1 1 1 1 1 1 1 1 1 1 1 1 1 1 1 1 1 1 1 1 1 1 1 1 1 1 1 1 1 1 1 1 1 1 1 1 1 1 1 1 1 1 1 1 1 1 1 1.00695 1.20513 
3.32991 1.19972 1.00695 1 1 1 1 1 1 1 1 1 1 1 1 1 1 1 1 1 1 1 1 1 1 1 1 1 1 1 1 1 1 1 1 1 1 1 1 1 1 1 1 1 1 1 1 1 1 1 1 1 1 1 1 1 1 1 1 1 1 1 1 1 1 1 1 1 1 1 1 1 1 1 1 1 1 1 1 1 1 1 1 1 1 1 1 1 1 1 1 1 1 1 1 1 1 1 1 1 1 1 1 1 1 1 1 1 1 1 1 1.00695 1.20513 
3.32991 1.19972 1.00695 1 1 1 1 1 1 1 1 1 1 1 1 1 1 1 1 1 1 1 1 1 1 1 1 1 1 1 1 1 1 1 1 1 1 1 1 1 1 1 1 1 1 1 1 1 1 1 1 1 1 1 1 1 1 1 1 1 1 1 1 1 1 1 1 1 1 1 1 1 1 1 1 1 1 1 1 1 1 1 1 1 1 1 1 1 1 1 1 1 1 1 1 1 1 1 1 1 1 1 1 1 1 1 1 1 1 1 1 1.00695 1.20513 
3.32991 1.19972 1.00695 1 1 1 1 1 1 1 1 1 1 1 1 1 1 1 1 1 1 1 1 1 1 1 1 1 1 1 1 1 1 1 1 1 1 1 1 1 1 1 1 1 1 1 1 1 1 1 1 1 1 1 1 1 1 1 1 1 1 1 1 1 1 1 1 1 1 1 1 1 1 1 1 1 1 1 1 1 1 1 1 1 1 1 1 1 1 1 1 1 1 1 1 1 1 1 1 1 1 1 1 1 1 1 1 1 1 1 1 1.00695 1.20513 
3.32991 1.19972 1.00695 1 1 1 1 1 1 1 1 1 1 1 1 1 1 1 1 1 1 1 1 1 1 1 1 1 1 1 1 1 1 1 1 1 1 1 1 1 1 1 1 1 1 1 1 1 1 1 1 1 1 1 1 1 1 1 1 1 1 1 1 1 1 1 1 1 1 1 1 1 1 1 1 1 1 1 1 1 1 1 1 1 1 1 1 1 1 1 1 1 1 1 1 1 1 1 1 1 1 1 1 1 1 1 1 1 1 1 1 1.00695 1.20513 
3.32991 1.19972 1.00695 1 1 1 1 1 1 1 1 1 1 1 1 1 1 1 1 1 1 1 1 1 1 1 1 1 1 1 1 1 1 1 1 1 1 1 1 1 1 1 1 1 1 1 1 1 1 1 1 1 1 1 1 1 1 1 1 1 1 1 1 1 1 1 1 1 1 1 1 1 1 1 1 1 1 1 1 1 1 1 1 1 1 1 1 1 1 1 1 1 1 1 1 1 1 1 1 1 1 1 1 1 1 1 1 1 1 1 1 1.00695 1.20513 
3.32991 1.19972 1.00695 1 1 1 1 1 1 1 1 1 1 1 1 1 1 1 1 1 1 1 1 1 1 1 1 1 1 1 1 1 1 1 1 1 1 1 1 1 1 1 1 1 1 1 1 1 1 1 1 1 1 1 1 1 1 1 1 1 1 1 1 1 1 1 1 1 1 1 1 1 1 1 1 1 1 1 1 1 1 1 1 1 1 1 1 1 1 1 1 1 1 1 1 1 1 1 1 1 1 1 1 1 1 1 1 1 1 1 1 1.00695 1.20513 
3.32991 1.19972 1.00695 1 1 1 1 1 1 1 1 1 1 1 1 1 1 1 1 1 1 1 1 1 1 1 1 1 1 1 1 1 1 1 1 1 1 1 1 1 1 1 1 1 1 1 1 1 1 1 1 1 1 1 1 1 1 1 1 1 1 1 1 1 1 1 1 1 1 1 1 1 1 1 1 1 1 1 1 1 1 1 1 1 1 1 1 1 1 1 1 1 1 1 1 1 1 1 1 1 1 1 1 1 1 1 1 1 1 1 1 1.00695 1.20513 
3.32991 1.19972 1.00695 1 1 1 1 1 1 1 1 1 1 1 1 1 1 1 1 1 1 1 1 1 1 1 1 1 1 1 1 1 1 1 1 1 1 1 1 1 1 1 1 1 1 1 1 1 1 1 1 1 1 1 1 1 1 1 1 1 1 1 1 1 1 1 1 1 1 1 1 1 1 1 1 1 1 1 1 1 1 1 1 1 1 1 1 1 1 1 1 1 1 1 1 1 1 1 1 1 1 1 1 1 1 1 1 1 1 1 1 1.00695 1.20513 
3.32991 1.19972 1.00695 1 1 1 1 1 1 1 1 1 1 1 1 1 1 1 1 1 1 1 1 1 1 1 1 1 1 1 1 1 1 1 1 1 1 1 1 1 1 1 1 1 1 1 1 1 1 1 1 1 1 1 1 1 1 1 1 1 1 1 1 1 1 1 1 1 1 1 1 1 1 1 1 1 1 1 1 1 1 1 1 1 1 1 1 1 1 1 1 1 1 1 1 1 1 1 1 1 1 1 1 1 1 1 1 1 1 1 1 1.00695 1.20513 
3.32991 1.19972 1.00695 1 1 1 1 1 1 1 1 1 1 1 1 1 1 1 1 1 1 1 1 1 1 1 1 1 1 1 1 1 1 1 1 1 1 1 1 1 1 1 1 1 1 1 1 1 1 1 1 1 1 1 1 1 1 1 1 1 1 1 1 1 1 1 1 1 1 1 1 1 1 1 1 1 1 1 1 1 1 1 1 1 1 1 1 1 1 1 1 1 1 1 1 1 1 1 1 1 1 1 1 1 1 1 1 1 1 1 1 1.00695 1.20513 
3.32991 1.19972 1.00695 1 1 1 1 1 1 1 1 1 1 1 1 1 1 1 1 1 1 1 1 1 1 1 1 1 1 1 1 1 1 1 1 1 1 1 1 1 1 1 1 1 1 1 1 1 1 1 1 1 1 1 1 1 1 1 1 1 1 1 1 1 1 1 1 1 1 1 1 1 1 1 1 1 1 1 1 1 1 1 1 1 1 1 1 1 1 1 1 1 1 1 1 1 1 1 1 1 1 1 1 1 1 1 1 1 1 1 1 1.00695 1.20513 
3.32991 1.19972 1.00695 1 1 1 1 1 1 1 1 1 1 1 1 1 1 1 1 1 1 1 1 1 1 1 1 1 1 1 1 1 1 1 1 1 1 1 1 1 1 1 1 1 1 1 1 1 1 1 1 1 1 1 1 1 1 1 1 1 1 1 1 1 1 1 1 1 1 1 1 1 1 1 1 1 1 1 1 1 1 1 1 1 1 1 1 1 1 1 1 1 1 1 1 1 1 1 1 1 1 1 1 1 1 1 1 1 1 1 1 1.00695 1.20513 
3.32991 1.19972 1.00695 1 1 1 1 1 1 1 1 1 1 1 1 1 1 1 1 1 1 1 1 1 1 1 1 1 1 1 1 1 1 1 1 1 1 1 1 1 1 1 1 1 1 1 1 1 1 1 1 1 1 1 1 1 1 1 1 1 1 1 1 1 1 1 1 1 1 1 1 1 1 1 1 1 1 1 1 1 1 1 1 1 1 1 1 1 1 1 1 1 1 1 1 1 1 1 1 1 1 1 1 1 1 1 1 1 1 1 1 1.00695 1.20513 
3.32991 1.19972 1.00695 1 1 1 1 1 1 1 1 1 1 1 1 1 1 1 1 1 1 1 1 1 1 1 1 1 1 1 1 1 1 1 1 1 1 1 1 1 1 1 1 1 1 1 1 1 1 1 1 1 1 1 1 1 1 1 1 1 1 1 1 1 1 1 1 1 1 1 1 1 1 1 1 1 1 1 1 1 1 1 1 1 1 1 1 1 1 1 1 1 1 1 1 1 1 1 1 1 1 1 1 1 1 1 1 1 1 1 1 1.00695 1.20513 
3.32991 1.32337 1.01953 1.00695 1.00695 1.00695 1.00695 1.00695 1.00695 1.00695 1.00695 1.00695 1.00695 1.00695 1.00695 1.00695 1.00695 1.00695 1.00695 1.00695 1.00695 1.00695 1.00695 1.00695 1.00695 1.00695 1.00695 1.00695 1.00695 1.00695 1.00695 1.00695 1.00695 1.00695 1.00695 1.00695 1.00695 1.00695 1.00695 1.00695 1.00695 1.00695 1.00695 1.00695 1.00695 1.00695 1.00695 1.00695 1.00695 1.00695 1.00695 1.00695 1.00695 1.00695 1.00695 1.00695 1.00695 1.00695 1.00695 1.00695 1.00695 1.00695 1.00695 1.00695 1.00695 1.00695 1.00695 1.00695 1.00695 1.00695 1.00695 1.00695 1.00695 1.00695 1.00695 1.00695 1.00695 1.00695 1.00695 1.00695 1.00695 1.00695 1.00695 1.00695 1.00695 1.00695 1.00695 1.00695 1.00695 1.00695 1.00695 1.00695 1.00695 1.00695 1.00695 1.00695 1.00695 1.00695 1.00695 1.00695 1.00695 1.00695 1.00695 1.00695 1.00695 1.00695 1.00695 1.00695 1.00695 1.00695 1.00695 1.01953 1.32752 
6.64586 2.0236 1.32752 1.20513 1.20513 1.20513 1.20513 1.20513 1.20513 1.20513 1.20513 1.20513 1.20513 1.20513 1.20513 1.20513 1.20513 1.20513 1.20513 1.20513 1.20513 1.20513 1.20513 1.20513 1.20513 1.20513 1.20513 1.20513 1.20513 1.20513 1.20513 1.20513 1.20513 1.20513 1.20513 1.20513 1.20513 1.20513 1.20513 1.20513 1.20513 1.20513 1.20513 1.20513 1.20513 1.20513 1.20513 1.20513 1.20513 1.20513 1.20513 1.20513 1.20513 1.20513 1.20513 1.20513 1.20513 1.20513 1.20513 1.20513 1.20513 1.20513 1.20513 1.20513 1.20513 1.20513 1.20513 1.20513 1.20513 1.20513 1.20513 1.20513 1.20513 1.20513 1.20513 1.20513 1.20513 1.20513 1.20513 1.20513 1.20513 1.20513 1.20513 1.20513 1.20513 1.20513 1.20513 1.20513 1.20513 1.20513 1.20513 1.20513 1.20513 1.20513 1.20513 1.20513 1.20513 1.20513 1.20513 1.20513 1.20513 1.20513 1.20513 1.20513 1.20513 1.20513 1.20513 1.20513 1.20513 1.20513 1.20513 1.32752 2.03797 
