1 9.94839 5.11383 5.11383 5.11383 5.11383 5.11383 5.11383 5.11383 5.11383 5.11383 5.11383 5.11383 5.11383 5.11383 5.11383 5.11383 5.11383 5.11383 5.11383 5.11383 5.11383 5.11383 5.11383 5.11383 5.11383 5.11383 5.11383 5.11383 5.11384 5.11384 5.11151 5.10959 5.11074 5.1092 5.10998 5.10883 5.11187 5.10993 5.11046 5.11011 5.10939 5.10981 5.11185 5.10944 5.10859 5.1089 5.10732 5.10884 5.10884 5.10889 5.11077 5.10922 5.10917 5.11027 5.1102 5.10752 5.10965 5.10964 5.10956 5.11034 5.11036 5.11074 5.1092 5.11267 5.11345 5.11384 5.11422 5.11461 5.11383 5.11383 5.11383 5.11383 5.11383 5.11383 5.11383 5.11383 5.11383 5.11383 5.11383 5.11383 5.11383 5.11383 5.11383 5.11383 5.11383 5.11383 5.11383 5.11383 5.11383 5.11383 5.11383 5.11383 5.11383 5.11383 5.11383 5.11383 5.11383 5.11383 5.11383 5.11383 5.11383 5.11383 5.11383 5.11383 5.11383 5.11383 5.11383 5.11383 5.11383 10.3436 
9.94723 2.00948 1.27369 1.19972 1.19972 1.19972 1.19972 1.19972 1.19972 1.19972 1.19972 1.19972 1.19972 1.19972 1.19972 1.19972 1.19972 1.19972 1.19972 1.19972 1.19972 1.19972 1.19972 1.19972 1.19972 1.19972 1.19972 1.19972 1.19972 1.19972 1.19972 1.19972 1.19972 1.19972 1.19972 1.19972 1.19972 1.19972 1.1997 1.19971 1.19969 1.19969 1.19978 1.19973 1.19982 1.19986 1.19986 1.19987 1.19988 1.19986 1.1997 1.19981 1.19965 1.19964 1.19972 1.19967 1.19971 1.19974 1.19972 1.19971 1.19972 1.19972 1.19972 1.19972 1.19972 1.19972 1.19972 1.19972 1.19972 1.19972 1.19972 1.19972 1.19972 1.19972 1.19972 1.19972 1.19972 1.19972 1.19972 1.19972 1.19972 1.19972 1.19972 1.19972 1.19972 1.19972 1.19972 1.19972 1.19972 1.19972 1.19972 1.19972 1.19972 1.19972 1.19972 1.19972 1.19972 1.19972 1.19972 1.19972 1.19972 1.19972 1.19972 1.19972 1.19972 1.19972 1.19972 1.19972 1.19972 1.27369 2.0236 
5.11345 1.27369 1.00598 1.00252 1.00252 1.00252 1.00252 1.00252 1.00252 1.00252 1.00252 1.00252 1.00252 1.00252 1.00252 1.00252 1.00252 1.00252 1.00252 1.00252 1.00252 1.00252 1.00252 1.00252 1.00252 1.00252 1.00252 1.00252 1.00252 1.00252 1.00252 1.00252 1.00252 1.00252 1.00252 1.00251 1.00252 1.00253 1.00251 1.00249 1.00246 1.00243 1.00254 1.0026 1.00276 1.00278 1.00281 1.00283 1.00284 1.00285 1.00263 1.00254 1.00234 1.00237 1.00246 1.00251 1.00255 1.00252 1.0025 1.00251 1.00252 1.00252 1.00252 1.00252 1.00252 1.00252 1.00252 1.00252 1.00252 1.00252 1.00252 1.00252 1.00252 1.00252 1.00252 1.00252 1.00252 1.00252 1.00252 1.00252 1.00252 1.00252 1.00252 1.00252 1.00252 1.00252 1.00252 1.00252 1.00252 1.00252 1.00252 1.00252 1.00252 1.00252 1.00252 1.00252 1.00252 1.00252 1.00252 1.00252 1.00252 1.00252 1.00252 1.00252 1.00252 1.00252 1.00252 1.00252 1.00252 1.00598 1.27725 
5.11345 1.19972 1.00252 1 1 1 1 1 1 1 1 1 1 1 1 1 1 1 1 1 1 1 1 1 1 1 1 1 1 1 1 1 1 1 1 1 1 1 1 1 1 1.00001 1.00002 1.00003 1.00007 1.00009 1.00011 1.00012 1.00013 1.00014 1.00007 1.00005 1.00004 1.00003 1.00001 1.00001 1 1 1 1 1 1 1 1 1 1 1 1 1 1 1 1 1 1 1 1 1 1 1 1 1 1 1 1 1 1 1 1 1 1 1 1 1 1 1 1 1 1 1 1 1 1 1 1 1 1 1 1 1 1.00252 1.20513 
5.11345 1.19972 1.00252 1 1 1 1 1 1 1 1 1 1 1 1 1 1 1 1 1 1 1 1 1 1 1 1 1 1 1 1 1 1 1 1 1 1 1 1.00001 1.00003 1.00007 1.00016 1.00021 1.00039 1.00084 1.00101 1.00123 1.00139 1.00142 1.00158 1.00081 1.00063 1.00068 1.00044 1.00021 1.00011 1.00006 1.00002 1.00001 1 1 1 1 1 1 1 1 1 1 1 1 1 1 1 1 1 1 1 1 1 1 1 1 1 1 1 1 1 1 1 1 1 1 1 1 1 1 1 1 1 1 1 1 1 1 1 1 1 1 1.00252 1.20513 
5.11345 1.19972 1.00252 1 1 1 1 1 1 1 1 1 1 1 1 1 1 1 1 1 1 1 1 1 1 1 1 1 1 1 1 1 1 1 1 1.00001 1.00001 1.00006 1.00014 1.00036 1.00078 1.00172 1.00113 1.00009 1.00099 1.00088 1.00067 1.00058 1.00057 1.00057 1.00028 1.00133 1.00599 1.00424 1.00223 1.00148 1.00096 1.00028 1.00013 1.00004 1.00002 1 1 1 1 1 1 1 1 1 1 1 1 1 1 1 1 1 1 1 1 1 1 1 1 1 1 1 1 1 1 1 1 1 1 1 1 1 1 1 1 1 1 1 1 1 1 1 1 1.00252 1.20513 
5.11345 1.19972 1.00252 1 1 1 1 1 1 1 1 1 1 1 1 1 1 1 1 1 1 1 1 1 1 1 1 1 1 1 1 1 1 1.00001 1.00002 1.00008 1.00015 1.00073 1.00236 1.00007 1.00132 1.00133 1.01272 1.02747 1.04374 1.04648 1.04998 1.05216 1.05248 1.05504 1.0369 1.01891 1.00075 1.0005 1.00058 1.00181 1.00767 1.0034 1.00241 1.00058 1.00023 1.00004 1.00002 1 1 1 1 1 1 1 1 1 1 1 1 1 1 1 1 1 1 1 1 1 1 1 1 1 1 1 1 1 1 1 1 1 1 1 1 1 1 1 1 1 1 1 1 1 1 1.00252 1.20513 
5.11345 1.19972 1.00252 1 1 1 1 1 1 1 1 1 1 1 1 1 1 1 1 1 1 1 1 1 1 1 1 1 1 1 1 1.00001 1.00002 1.0001 1.00021 1.00088 1.00139 1 1.01136 1.02926 1.04347 1.06099 1.01163 1.00401 1.00208 1.00208 1.0018 1.00174 1.00159 1.00199 1.00855 1.02497 1.08881 1.07748 1.06472 1.03232 1.0018 1.00281 1.01479 1.00537 1.00043 1.00073 1.00021 1.00006 1.00001 1 1 1 1 1 1 1 1 1 1 1 1 1 1 1 1 1 1 1 1 1 1 1 1 1 1 1 1 1 1 1 1 1 1 1 1 1 1 1 1 1 1 1 1 1.00252 1.20513 
5.11345 1.19972 1.00252 1 1 1 1 1 1 1 1 1 1 1 1 1 1 1 1 1 1 1 1 1 1 1 1 1 1 1 1.00002 1.00008 1.0002 1.00112 1.00066 1.00002 1.01181 1.04475 1.0066 1.00335 1.00321 1.00632 1.08559 1.14787 1.1469 1.14693 1.14961 1.15091 1.14984 1.15498 1.13447 1.07326 1.0047 1.00277 1.00717 1.02496 1.11178 1.04697 1.00317 1.00416 1.02448 1.0059 1.0007 1.00072 1.00007 1.00001 1 1 1 1 1 1 1 1 1 1 1 1 1 1 1 1 1 1 1 1 1 1 1 1 1 1 1 1 1 1 1 1 1 1 1 1 1 1 1 1 1 1 1 1.00252 1.20513 
5.11345 1.19972 1.00252 1 1 1 1 1 1 1 1 1 1 1 1 1 1 1 1 1 1 1 1 1 1 1 1 1 1 1.00005 1.00026 1.00086 1.00065 1.00007 1.01515 1.04967 1.00785 1.00375 1.09637 1.17455 1.14511 1.16978 1.02863 1.00882 1.00545 1.00508 1.00437 1.00416 1.00382 1.00463 1.01378 1.04325 1.17328 1.16237 1.16918 1.09003 1.00599 1.02436 1.14517 1.06607 1.00341 1.00694 1.01806 1.00003 1.0012 1.00019 1.00003 1.00001 1 1 1 1 1 1 1 1 1 1 1 1 1 1 1 1 1 1 1 1 1 1 1 1 1 1 1 1 1 1 1 1 1 1 1 1 1 1 1 1 1 1.00252 1.20513 
5.11345 1.19972 1.00252 1 1 1 1 1 1 1 1 1 1 1 1 1 1 1 1 1 1 1 1 1 1 1 1 1.00001 1.00003 1.0008 1.00265 1.00075 1.0211 1.05614 1.008 1.00433 1.09212 1.20906 1.02036 1.00774 1.00626 1.00634 1.2625 1.48348 1.45152 1.4514 1.4522 1.45123 1.45075 1.45199 1.46324 1.22265 1.00269 1.00335 1.00933 1.03761 1.21418 1.10007 1.0066 1.0201 1.1726 1.11942 1.00406 1.05128 1.00907 1.00081 1.00036 1.00015 1.00006 1.00003 1.00001 1.00001 1 1 1 1 1 1 1 1 1 1 1 1 1 1 1 1 1 1 1 1 1 1 1 1 1 1 1 1 1 1 1 1 1 1 1 1 1 1.00252 1.20513 
5.11345 1.19972 1.00252 1 1 1 1 1 1 1 1 1 1 1 1 1 1 1 1 1 1 1 1 1 1 1 1 1.00015 1.00039 1.0064 1.00025 1.05356 1.0124 1.00448 1.1066 1.20224 1.02971 1.01761 1.29593 1.50559 1.45251 1.44373 1.24096 1.21484 1.12287 1.12339 1.12246 1.12155 1.12187 1.12033 1.21096 1.23718 1.44256 1.45115 1.48214 1.24354 1.0159 1.03602 1.23025 1.12267 1.00778 1.0343 1.13216 1.00804 1.0131 1.01967 1.00057 1.00161 1.00075 1.00038 1.00016 1.00009 1.00002 1.00001 1 1 1 1 1 1 1 1 1 1 1 1 1 1 1 1 1 1 1 1 1 1 1 1 1 1 1 1 1 1 1 1 1 1 1 1.00252 1.20513 
5.11345 1.19972 1.00252 1 1 1 1 1 1 1 1 1 1 1 1 1 1 1 1 1 1 1 1 1 1 1 1 1.00158 1.00012 1.00123 1.07537 1.01378 1.1767 1.2056 1.02816 1.01895 1.3027 1.48721 1.23732 1.21805 1.12217 1.12465 1.09475 1.05481 1.04365 1.04391 1.0429 1.04253 1.04275 1.0417 1.05209 1.09175 1.11996 1.11683 1.21099 1.23284 1.47764 1.26719 1.01751 1.03066 1.25058 1.25761 1.01105 1.26314 1.16397 1.01123 1.02155 1.00107 1.00113 1.00006 1.00155 1.00104 1.00025 1.00012 1.00004 1 1 1 1 1 1 1 1 1 1 1 1 1 1 1 1 1 1 1 1 1 1 1 1 1 1 1 1 1 1 1 1 1 1 1.00252 1.20513 
5.11345 1.19972 1.00252 1 1 1 1 1 1 1 1 1 1 1 1 1 1 1 1 1 1 1 1 1 1 1.00002 1.00005 1.00078 1.03893 1.12958 1.00593 1.23523 1.07297 1.02062 1.30896 1.48753 1.23172 1.21999 1.09569 1.05604 1.04433 1.04366 1.04277 1.04187 1.04147 1.04064 1.04014 1.03989 1.03981 1.03992 1.03966 1.03974 1.03992 1.03937 1.05003 1.08874 1.21255 1.227 1.4877 1.29338 1.0206 1.07801 1.17406 1.01817 1.05573 1.20747 1.00929 1.06004 1.04141 1.03012 1.01269 1.00233 1.00031 1.00202 1.00046 1.00006 1.00002 1 1 1 1 1 1 1 1 1 1 1 1 1 1 1 1 1 1 1 1 1 1 1 1 1 1 1 1 1 1 1 1 1.00252 1.20513 
5.11345 1.19972 1.00252 1 1 1 1 1 1 1 1 1 1 1 1 1 1 1 1 1 1 1 1 1 1 1.00057 1.00174 1.07853 1.02782 1.00854 1.24872 1.02598 1.51683 1.48208 1.22965 1.21767 1.09349 1.05488 1.04372 1.0434 1.04218 1.04076 1.03953 1.03843 1.0375 1.03689 1.03645 1.03616 1.03605 1.03609 1.03634 1.03666 1.03712 1.03754 1.03775 1.03711 1.04738 1.08611 1.2114 1.22529 1.48872 1.54236 1.02996 1.42562 1.29891 1.05659 1.11 1.00397 1.0023 1.00356 1.006 1.05482 1.02569 1.01112 1.00006 1.00105 1.00025 1.00004 1.00001 1 1 1 1 1 1 1 1 1 1 1 1 1 1 1 1 1 1 1 1 1 1 1 1 1 1 1 1 1 1 1.00252 1.20513 
5.11345 1.19972 1.00252 1 1 1 1 1 1 1 1 1 1 1 1 1 1 1 1 1 1 1 1 1 1 1.00459 1.00105 1.03734 1.21989 1.35889 1.0179 1.47167 1.31355 1.21477 1.09231 1.05353 1.0424 1.04209 1.04113 1.03978 1.03833 1.0371 1.03598 1.03498 1.03416 1.03352 1.03303 1.03274 1.03262 1.03266 1.03284 1.03313 1.03349 1.0339 1.03442 1.03498 1.03536 1.035 1.04548 1.08421 1.20774 1.31158 1.30635 1.02219 1.1349 1.34239 1.02252 1.1715 1.14236 1.17268 1.10082 1.00663 1.0045 1.0041 1.04068 1.0092 1.00034 1.00057 1.00009 1.00001 1 1 1 1 1 1 1 1 1 1 1 1 1 1 1 1 1 1 1 1 1 1 1 1 1 1 1 1 1 1.00252 1.20513 
5.11345 1.19972 1.00252 1 1 1 1 1 1 1 1 1 1 1 1 1 1 1 1 1 1 1 1 1.00002 1.00015 1.00198 1.08687 1.35719 1.06008 1.02333 1.32913 1.31573 1.15201 1.05198 1.04124 1.04081 1.03998 1.03887 1.03766 1.03635 1.03511 1.03393 1.03279 1.03176 1.03091 1.03024 1.02977 1.02949 1.02938 1.02943 1.02961 1.02989 1.03022 1.03061 1.03104 1.03154 1.03221 1.033 1.03364 1.0338 1.04422 1.14662 1.22729 1.51163 1.65676 1.03104 1.22783 1.00773 1.00452 1.00778 1.01625 1.16709 1.17598 1.11177 1.00671 1.00265 1.02586 1.00487 1.00166 1.00017 1.00002 1 1 1 1 1 1 1 1 1 1 1 1 1 1 1 1 1 1 1 1 1 1 1 1 1 1 1 1 1.00252 1.20513 
5.11345 1.19972 1.00252 1 1 1 1 1 1 1 1 1 1 1 1 1 1 1 1 1 1.00001 1.0001 1.00119 1.0006 1.07965 1.06701 1.36162 1.03269 1.56306 1.50181 1.23325 1.15245 1.05021 1.039 1.03881 1.03747 1.03641 1.03543 1.03438 1.03326 1.03208 1.03089 1.02973 1.02873 1.02792 1.02729 1.02681 1.02652 1.02641 1.02646 1.02662 1.02689 1.02721 1.02759 1.02802 1.02852 1.0291 1.02977 1.03067 1.03204 1.03209 1.04323 1.08146 1.21024 1.31685 1.50501 1.02794 1.22439 1.16802 1.23679 1.1399 1.01559 1.0116 1.01109 1.23027 1.09992 1.00737 1.0075 1.01089 1.00099 1.00025 1.00003 1 1 1 1 1 1 1 1 1 1 1 1 1 1 1 1 1 1 1 1 1 1 1 1 1 1 1 1.00252 1.20513 
5.11345 1.19972 1.00252 1 1 1 1 1 1 1 1 1 1 1 1 1 1 1 1 1 1.00004 1.00051 1.00048 1.05712 1.0204 1.22283 1.15516 1.62023 1.30891 1.21389 1.08776 1.04867 1.03703 1.037 1.03563 1.03451 1.03342 1.03237 1.03132 1.03021 1.02907 1.02792 1.02685 1.02591 1.0251 1.02446 1.024 1.02372 1.0236 1.02363 1.02377 1.02401 1.02433 1.02468 1.02508 1.02554 1.02615 1.02688 1.02777 1.02893 1.03075 1.03269 1.03475 1.04826 1.16252 1.32851 1.22944 1.00159 1.00614 1.00895 1.01997 1.20401 1.25155 1.17193 1.01415 1.00917 1.21143 1.13578 1.00669 1.01755 1.00038 1.00034 1.00003 1 1 1 1 1 1 1 1 1 1 1 1 1 1 1 1 1 1 1 1 1 1 1 1 1 1 1.00252 1.20513 
5.11345 1.19972 1.00252 1 1 1 1 1 1 1 1 1 1 1 1 1 1 1 1.00001 1.00009 1.00174 1.01118 1.00293 1.15942 1.02874 1.4978 1.02711 1.48882 1.21231 1.04902 1.03754 1.03676 1.03573 1.0341 1.0327 1.03136 1.03032 1.02935 1.02836 1.02733 1.02627 1.02519 1.02416 1.02323 1.02243 1.0218 1.02135 1.02107 1.02095 1.02097 1.02111 1.02134 1.02162 1.02194 1.02232 1.02279 1.02341 1.02424 1.0253 1.02648 1.02803 1.03005 1.03249 1.0342 1.05519 1.16542 1.23997 1.43248 1.44925 1.50856 1.30758 1.0084 1.02153 1.01694 1.34972 1.16965 1.01782 1.04639 1.18947 1.00535 1.02427 1.00023 1.0004 1.00004 1 1 1 1 1 1 1 1 1 1 1 1 1 1 1 1 1 1 1 1 1 1 1 1 1 1.00252 1.20513 
5.11345 1.19972 1.00252 1 1 1 1 1 1 1 1 1 1 1 1 1 1 1 1.00004 1.0007 1.00644 1.00053 1.11417 1.01169 1.23577 1.02541 1.37163 1.23285 1.08505 1.03755 1.03725 1.03497 1.03297 1.03104 1.02954 1.02835 1.02739 1.0265 1.0256 1.02467 1.02367 1.02264 1.02164 1.02074 1.01998 1.01936 1.01891 1.01863 1.01851 1.01852 1.01865 1.01887 1.01914 1.01946 1.01982 1.02024 1.02079 1.02151 1.02247 1.0236 1.0248 1.02631 1.02781 1.02935 1.03209 1.05684 1.09565 1.11961 1.10799 1.20806 1.23233 1.43798 1.537 1.33759 1.02412 1.03144 1.3132 1.34754 1.02796 1.23001 1.0042 1.03024 1.00017 1.00048 1.00005 1 1 1 1 1 1 1 1 1 1 1 1 1 1 1 1 1 1 1 1 1 1 1 1 1.00252 1.20513 
5.11345 1.19972 1.00252 1 1 1 1 1 1 1 1 1 1 1 1 1 1 1.00002 1.00026 1.00243 1.00403 1.10361 1.04217 1.26039 1.14193 1.64449 1.31373 1.15132 1.04868 1.03687 1.03478 1.03187 1.02976 1.02808 1.02678 1.02569 1.02475 1.02387 1.02303 1.02215 1.02122 1.02026 1.01932 1.01845 1.0177 1.0171 1.01666 1.01638 1.01626 1.01626 1.01638 1.01658 1.01684 1.01714 1.01749 1.01788 1.01838 1.01903 1.01986 1.02088 1.02202 1.02336 1.02482 1.02647 1.02778 1.03076 1.03943 1.03921 1.03477 1.04351 1.08288 1.11216 1.20323 1.23235 1.51641 1.38121 1.02868 1.15644 1.34474 1.03847 1.22324 1.0059 1.02793 1.00009 1.00043 1.00002 1 1 1 1 1 1 1 1 1 1 1 1 1 1 1 1 1 1 1 1 1 1 1 1.00252 1.20513 
5.11345 1.19972 1.00252 1 1 1 1 1 1 1 1 1 1 1 1 1 1.00001 1.00018 1.00077 1.01913 1.00594 1.19467 1.01858 1.42999 1.02402 1.50495 1.21653 1.0503 1.03713 1.03423 1.03118 1.0289 1.02712 1.02559 1.02429 1.02319 1.02225 1.0214 1.02061 1.0198 1.01894 1.01805 1.01716 1.01633 1.01561 1.01503 1.0146 1.01432 1.01419 1.01419 1.0143 1.01449 1.01473 1.01501 1.01534 1.01573 1.01623 1.01685 1.01764 1.01862 1.01972 1.02088 1.02206 1.02328 1.02491 1.02623 1.02863 1.0332 1.03414 1.0327 1.03313 1.03312 1.04441 1.08339 1.21184 1.22482 1.50775 1.68205 1.03727 1.55682 1.015 1.31749 1.00362 1.04728 1.00005 1.0006 1.00006 1 1 1 1 1 1 1 1 1 1 1 1 1 1 1 1 1 1 1 1 1 1 1.00252 1.20513 
5.11345 1.19972 1.00252 1 1 1 1 1 1 1 1 1 1 1 1 1 1.00006 1.00092 1.00777 1.00113 1.09472 1.01168 1.1939 1.02447 1.33456 1.24071 1.09183 1.03857 1.03404 1.03085 1.02864 1.0266 1.02481 1.02327 1.02196 1.02085 1.01992 1.01911 1.01837 1.01762 1.01683 1.01599 1.01516 1.01437 1.01368 1.01312 1.0127 1.01243 1.0123 1.0123 1.0124 1.01257 1.0128 1.01308 1.0134 1.01379 1.01428 1.0149 1.01567 1.01661 1.01769 1.01883 1.02007 1.02137 1.0229 1.02463 1.02553 1.02685 1.02916 1.03006 1.03092 1.03218 1.03268 1.0333 1.04475 1.08415 1.20986 1.31542 1.52381 1.02706 1.45751 1.01121 1.28448 1.00312 1.04405 1.0001 1.00054 1.00004 1 1 1 1 1 1 1 1 1 1 1 1 1 1 1 1 1 1 1 1 1 1.00252 1.20513 
5.11345 1.19972 1.00252 1 1 1 1 1 1 1 1 1 1 1 1 1.00001 1.00015 1.00155 1.00516 1.08219 1.06466 1.21244 1.08592 1.55736 1.34349 1.16479 1.05161 1.03422 1.03123 1.02877 1.02649 1.02446 1.02267 1.02112 1.01979 1.01869 1.01778 1.017 1.0163 1.01559 1.01486 1.01409 1.01331 1.01257 1.01191 1.01137 1.01097 1.01071 1.01058 1.01058 1.01067 1.01084 1.01106 1.01133 1.01165 1.01203 1.01251 1.01311 1.01385 1.01471 1.01565 1.01665 1.01777 1.01905 1.02044 1.02207 1.02346 1.02451 1.02581 1.02673 1.02761 1.02924 1.03098 1.03268 1.03366 1.03429 1.04593 1.14651 1.31682 1.54055 1.03062 1.48249 1.01276 1.28217 1.00317 1.02973 1.00019 1.00035 1.00003 1 1 1 1 1 1 1 1 1 1 1 1 1 1 1 1 1 1 1 1 1.00252 1.20513 
5.11345 1.19972 1.00252 1 1 1 1 1 1 1 1 1 1 1 1.00002 1.00031 1.00022 1.0295 1.00605 1.21323 1.01087 1.37854 1.02006 1.5164 1.22434 1.05527 1.0348 1.03187 1.02925 1.02677 1.02452 1.0225 1.02071 1.01915 1.01783 1.01673 1.01582 1.01505 1.01437 1.01372 1.01305 1.01234 1.01161 1.01092 1.0103 1.00978 1.0094 1.00914 1.00902 1.00901 1.0091 1.00927 1.00949 1.00976 1.01007 1.01046 1.01092 1.0115 1.01218 1.01294 1.01375 1.01461 1.01557 1.01668 1.01786 1.01912 1.02049 1.02156 1.02284 1.02411 1.02501 1.02618 1.02771 1.02998 1.03212 1.03415 1.03474 1.0458 1.14521 1.31574 1.53897 1.03045 1.47135 1.01296 1.28365 1.00566 1.0259 1.00037 1.00021 1.00002 1 1 1 1 1 1 1 1 1 1 1 1 1 1 1 1 1 1 1 1.00252 1.20513 
5.11345 1.19972 1.00252 1 1 1 1 1 1 1 1 1 1 1 1.00004 1.00059 1.00593 1.00382 1.08246 1.0211 1.22604 1.03413 1.22899 1.28108 1.10684 1.0361 1.03287 1.03002 1.02739 1.02492 1.02273 1.02073 1.01893 1.01736 1.01603 1.01492 1.01401 1.01326 1.01261 1.012 1.01138 1.01073 1.01006 1.00942 1.00883 1.00834 1.00798 1.00773 1.00761 1.00761 1.00769 1.00786 1.00808 1.00835 1.00868 1.00907 1.00953 1.01009 1.01072 1.01142 1.01216 1.01296 1.0139 1.01496 1.01604 1.01702 1.01795 1.01883 1.01991 1.02131 1.0227 1.0239 1.02529 1.02699 1.02911 1.03189 1.03441 1.0354 1.04713 1.14496 1.31479 1.53158 1.02973 1.44117 1.01358 1.20231 1.00411 1.01483 1.00228 1.00011 1.00001 1 1 1 1 1 1 1 1 1 1 1 1 1 1 1 1 1 1 1.00252 1.20513 
5.11345 1.19972 1.00252 1 1 1 1 1 1 1 1 1 1 1.00002 1.00035 1.00327 1.00535 1.0969 1.02639 1.2205 1.02484 1.42545 1.32231 1.16725 1.05772 1.03337 1.03108 1.02823 1.02563 1.02327 1.02113 1.01911 1.01729 1.01572 1.01439 1.01329 1.01238 1.01164 1.01101 1.01043 1.00986 1.00926 1.00865 1.00805 1.0075 1.00705 1.00669 1.00646 1.00635 1.00634 1.00643 1.0066 1.00682 1.00711 1.00745 1.00784 1.00831 1.00884 1.00943 1.01005 1.01072 1.0115 1.01239 1.01335 1.01427 1.0151 1.01588 1.0167 1.01763 1.01879 1.02014 1.02162 1.02334 1.02511 1.02663 1.0288 1.0318 1.03526 1.03666 1.0487 1.14884 1.31267 1.52073 1.02734 1.48696 1.02947 1.19037 1.00493 1.0076 1.00086 1.00008 1.00001 1 1 1 1 1 1 1 1 1 1 1 1 1 1 1 1 1 1.00252 1.20513 
5.11345 1.19972 1.00252 1 1 1 1 1 1 1 1 1 1.00001 1.00019 1.00194 1.00265 1.08859 1.04347 1.34808 1.14178 1.72393 1.31357 1.18899 1.07219 1.0374 1.03204 1.02931 1.02657 1.02411 1.02183 1.01963 1.01758 1.0158 1.01425 1.01292 1.01182 1.01091 1.01017 1.00956 1.00901 1.00848 1.00793 1.00737 1.00682 1.00631 1.00588 1.00555 1.00533 1.00522 1.00522 1.00531 1.00548 1.00571 1.00601 1.00636 1.00676 1.00722 1.00773 1.00827 1.00883 1.00947 1.01021 1.01103 1.01184 1.01259 1.01328 1.01398 1.01477 1.01568 1.01676 1.01807 1.01946 1.0211 1.02326 1.02531 1.02718 1.02937 1.03197 1.03574 1.03838 1.05114 1.1506 1.31264 1.50994 1.03285 1.29866 1.02055 1.12308 1.00417 1.00252 1.00054 1.00004 1 1 1 1 1 1 1 1 1 1 1 1 1 1 1 1 1 1.00252 1.20513 
5.11345 1.19972 1.00252 1 1 1 1 1 1 1 1 1.00001 1.00007 1.00125 1.00898 1.00361 1.15896 1.02037 1.3266 1.02947 1.53573 1.21565 1.0653 1.04555 1.03304 1.03059 1.02771 1.02513 1.02276 1.02041 1.01817 1.01621 1.01446 1.01293 1.01161 1.0105 1.0096 1.00886 1.00826 1.00773 1.00724 1.00674 1.00623 1.00572 1.00525 1.00484 1.00453 1.00432 1.00422 1.00422 1.00431 1.00449 1.00473 1.00504 1.0054 1.00581 1.00627 1.00675 1.00725 1.00778 1.0084 1.00911 1.00985 1.01054 1.01115 1.01174 1.01238 1.01312 1.01401 1.01507 1.01634 1.01778 1.01935 1.02123 1.02351 1.02587 1.02827 1.03059 1.03344 1.03726 1.04069 1.05421 1.14999 1.31388 1.60861 1.09855 1.30373 1.0491 1.06191 1.00437 1.00153 1.00021 1.00002 1 1 1 1 1 1 1 1 1 1 1 1 1 1 1 1 1.00252 1.20513 
5.11345 1.19972 1.00252 1 1 1 1 1 1 1 1 1.00001 1.00018 1.0021 1.0009 1.04946 1.01388 1.13171 1.03086 1.32087 1.22686 1.08341 1.04947 1.04328 1.03181 1.02905 1.02636 1.02385 1.02139 1.01901 1.01688 1.01498 1.01326 1.01174 1.01043 1.00933 1.00843 1.0077 1.0071 1.0066 1.00613 1.00568 1.00521 1.00474 1.00431 1.00393 1.00363 1.00344 1.00334 1.00335 1.00344 1.00362 1.00388 1.00419 1.00457 1.00498 1.00543 1.00588 1.00636 1.00688 1.00749 1.00816 1.0088 1.00937 1.00989 1.01041 1.01101 1.01173 1.01261 1.01366 1.0149 1.01631 1.0179 1.01965 1.02162 1.02393 1.02671 1.02931 1.03227 1.03538 1.04001 1.04664 1.06036 1.22161 1.48795 1.02864 1.18247 1.009 1.18348 1.0027 1.00949 1.00079 1.00001 1.00002 1 1 1 1 1 1 1 1 1 1 1 1 1 1 1 1.00252 1.20513 
5.11345 1.19972 1.00252 1 1 1 1 1 1 1 1.00001 1.00007 1.00113 1.0085 1.00199 1.13193 1.00707 1.25005 1.02037 1.4887 1.20903 1.05041 1.04664 1.03919 1.03044 1.02768 1.02509 1.02254 1.02002 1.01776 1.01571 1.01384 1.01216 1.01067 1.00938 1.0083 1.0074 1.00667 1.00609 1.0056 1.00517 1.00474 1.00432 1.00389 1.00349 1.00313 1.00286 1.00268 1.00259 1.0026 1.0027 1.00288 1.00314 1.00346 1.00384 1.00425 1.00468 1.00512 1.0056 1.00613 1.00673 1.00733 1.00787 1.00834 1.00878 1.00928 1.00987 1.01059 1.01146 1.0125 1.01372 1.01512 1.01668 1.01841 1.02032 1.02232 1.02465 1.02744 1.03034 1.03329 1.03606 1.04335 1.05284 1.11118 1.25815 1.2813 1.11779 1.18306 1.01219 1.14403 1.00391 1.00168 1.00013 1.00013 1.00002 1 1 1 1 1 1 1 1 1 1 1 1 1 1 1.00252 1.20513 
5.11345 1.19972 1.00252 1 1 1 1 1 1 1 1.00001 1.00015 1.00177 1.00091 1.045 1.01533 1.11908 1.03099 1.30968 1.23229 1.08578 1.04344 1.04384 1.03367 1.0291 1.02647 1.02384 1.02119 1.0188 1.01662 1.01462 1.01281 1.01117 1.00972 1.00845 1.00738 1.0065 1.00578 1.00521 1.00474 1.00433 1.00394 1.00355 1.00316 1.00279 1.00246 1.0022 1.00203 1.00195 1.00196 1.00207 1.00225 1.00251 1.00284 1.00321 1.00361 1.00402 1.00446 1.00495 1.00549 1.00606 1.00658 1.00703 1.00742 1.00783 1.0083 1.00889 1.00961 1.01048 1.01151 1.0127 1.01406 1.01558 1.01728 1.01914 1.02113 1.02328 1.02564 1.02842 1.03113 1.03338 1.0366 1.04236 1.0715 1.23735 1.43921 1.02546 1.20859 1.18998 1.05153 1.00487 1.02807 1.00004 1.00049 1.00007 1.00001 1 1 1 1 1 1 1 1 1 1 1 1 1 1.00252 1.20513 
5.11345 1.19972 1.00252 1 1 1 1 1 1 1 1.00004 1.0007 1.0059 1.00131 1.10832 1.00624 1.23651 1.01659 1.48473 1.21031 1.04908 1.04435 1.03828 1.03066 1.02799 1.02527 1.02249 1.01999 1.01768 1.01557 1.01364 1.01187 1.01028 1.00886 1.00763 1.00658 1.00572 1.00502 1.00446 1.00401 1.00362 1.00326 1.0029 1.00254 1.0022 1.0019 1.00166 1.0015 1.00143 1.00145 1.00155 1.00174 1.00199 1.00231 1.00266 1.00305 1.00346 1.00391 1.00441 1.00494 1.00545 1.00589 1.00626 1.00661 1.007 1.00746 1.00804 1.00876 1.00962 1.01062 1.01178 1.01309 1.01455 1.01617 1.01796 1.01987 1.02195 1.02418 1.02675 1.02938 1.032 1.03462 1.03687 1.04182 1.10998 1.21356 1.43681 1.47387 1.03884 1.52454 1.07227 1.06819 1.01937 1.01507 1.00111 1.00026 1.00002 1 1 1 1 1 1 1 1 1 1 1 1 1.00252 1.20513 
5.11345 1.19972 1.00252 1 1 1 1 1 1 1.00001 1.00009 1.00112 1.00095 1.03095 1.0184 1.10069 1.02772 1.27666 1.23211 1.09332 1.04159 1.04241 1.03466 1.02961 1.02696 1.02392 1.02135 1.0189 1.01667 1.01463 1.01274 1.01102 1.00947 1.0081 1.0069 1.00589 1.00505 1.00437 1.00383 1.0034 1.00303 1.0027 1.00237 1.00204 1.00173 1.00146 1.00124 1.00109 1.00102 1.00104 1.00115 1.00132 1.00157 1.00186 1.0022 1.00257 1.00298 1.00344 1.00393 1.00443 1.00486 1.00523 1.00555 1.00587 1.00624 1.00671 1.00728 1.00798 1.00881 1.00978 1.01089 1.01215 1.01354 1.01507 1.01675 1.01859 1.02055 1.02265 1.02503 1.02768 1.03002 1.03261 1.03545 1.03728 1.05021 1.10871 1.22552 1.31379 1.45164 1.02537 1.23459 1.07603 1.04161 1.00558 1.01993 1.00093 1.00027 1.00002 1 1 1 1 1 1 1 1 1 1 1 1.00252 1.20513 
5.11384 1.19972 1.00252 1 1 1 1 1 1 1.00002 1.00034 1.00323 1.00063 1.0891 1.00482 1.22234 1.00903 1.48621 1.22848 1.05955 1.0416 1.0369 1.03255 1.02875 1.02578 1.02277 1.02028 1.01794 1.01579 1.01378 1.01193 1.01026 1.00875 1.00742 1.00626 1.00529 1.00448 1.00383 1.00331 1.0029 1.00255 1.00224 1.00194 1.00164 1.00136 1.00111 1.00091 1.00078 1.00072 1.00074 1.00084 1.00101 1.00123 1.00151 1.00183 1.00219 1.00259 1.00304 1.00351 1.00393 1.0043 1.0046 1.00488 1.00518 1.00554 1.00599 1.00655 1.00722 1.00802 1.00895 1.01 1.01119 1.01251 1.01396 1.01555 1.01727 1.01915 1.02112 1.02321 1.02567 1.0282 1.03034 1.03279 1.03548 1.03755 1.04599 1.06804 1.17483 1.28872 1.50843 1.47473 1.02497 1.33869 1.12399 1.0093 1.00904 1.00166 1.00011 1.00001 1 1 1 1 1 1 1 1 1 1 1.00252 1.20513 
5.11384 1.19972 1.00252 1 1 1 1 1 1 1.00002 1.00023 1.00243 1.00193 1.07537 1.04639 1.25237 1.06546 1.30251 1.11725 1.04516 1.03588 1.0336 1.03152 1.02779 1.02437 1.02175 1.01935 1.0171 1.01499 1.013 1.0112 1.00957 1.00811 1.00682 1.00571 1.00478 1.004 1.00338 1.00289 1.0025 1.00218 1.00189 1.00161 1.00134 1.00109 1.00086 1.00068 1.00057 1.00052 1.00054 1.00063 1.00078 1.00098 1.00124 1.00154 1.00189 1.00228 1.0027 1.0031 1.00345 1.00374 1.00399 1.00424 1.00452 1.00487 1.0053 1.00584 1.00648 1.00723 1.0081 1.0091 1.01021 1.01146 1.01283 1.01433 1.01596 1.01771 1.0196 1.02157 1.0237 1.02611 1.02849 1.0306 1.03306 1.03544 1.03892 1.04545 1.05962 1.12234 1.25464 1.36639 1.29592 1.02516 1.09701 1.18427 1.00518 1.01275 1.0004 1.00014 1.00001 1 1 1 1 1 1 1 1 1 1.00252 1.20513 
5.11345 1.19972 1.00252 1 1 1 1 1 1.00001 1.00016 1.00175 1.01682 1.0105 1.1898 1.01401 1.32801 1.29844 1.20956 1.07985 1.03759 1.0333 1.03237 1.0302 1.02644 1.02325 1.02086 1.01855 1.01631 1.01422 1.0123 1.01056 1.00897 1.00756 1.00632 1.00525 1.00436 1.00362 1.00303 1.00257 1.0022 1.00189 1.00162 1.00137 1.00112 1.00089 1.00069 1.00054 1.00043 1.00039 1.00041 1.00049 1.00063 1.00081 1.00105 1.00133 1.00166 1.00202 1.00238 1.00271 1.00298 1.0032 1.0034 1.00362 1.00389 1.00422 1.00463 1.00513 1.00573 1.00644 1.00726 1.00819 1.00924 1.01041 1.01171 1.01312 1.01466 1.0163 1.01806 1.01993 1.02188 1.024 1.02634 1.0286 1.03079 1.03301 1.03507 1.039 1.04257 1.04904 1.08633 1.20382 1.27781 1.498 1.64491 1.02928 1.30142 1.00491 1.03817 1.00017 1.00039 1.00003 1 1 1 1 1 1 1 1 1.00252 1.20513 
5.11422 1.19972 1.00252 1 1 1 1 1 1.00006 1.00103 1.00771 1.00325 1.15463 1.02419 1.55496 1.36539 1.22048 1.10543 1.04957 1.03453 1.03232 1.03142 1.02883 1.02501 1.02227 1.01998 1.01774 1.01553 1.01353 1.01168 1.00999 1.00846 1.0071 1.0059 1.00488 1.00402 1.00332 1.00276 1.00232 1.00197 1.00168 1.00143 1.0012 1.00098 1.00077 1.00059 1.00045 1.00037 1.00033 1.00035 1.00042 1.00055 1.00072 1.00093 1.0012 1.00149 1.00179 1.00207 1.00232 1.00251 1.00268 1.00285 1.00304 1.00328 1.00359 1.00397 1.00444 1.005 1.00567 1.00643 1.00731 1.00829 1.00939 1.01061 1.01194 1.01337 1.01492 1.01656 1.01829 1.02012 1.02203 1.02415 1.02632 1.02857 1.03092 1.03283 1.03558 1.03882 1.04097 1.04645 1.07957 1.11708 1.20973 1.32842 1.48264 1.02075 1.2274 1.00262 1.02384 1.00061 1.00018 1.00001 1 1 1 1 1 1 1 1.00252 1.20513 
5.11151 1.19972 1.00252 1 1 1 1 1.00001 1.00016 1.00172 1.00411 1.07468 1.04342 1.48196 1.33628 1.19348 1.08572 1.05917 1.04121 1.03369 1.03139 1.0302 1.02703 1.02366 1.02127 1.01909 1.0169 1.0148 1.01289 1.01113 1.0095 1.00803 1.00672 1.00557 1.00459 1.00377 1.0031 1.00257 1.00215 1.00182 1.00155 1.00131 1.00109 1.00089 1.0007 1.00055 1.00043 1.00035 1.00033 1.00035 1.00041 1.00053 1.00068 1.00087 1.0011 1.00134 1.00157 1.00177 1.00194 1.00207 1.0022 1.00233 1.0025 1.00272 1.003 1.00335 1.00379 1.00431 1.00493 1.00564 1.00646 1.00738 1.00841 1.00955 1.01079 1.01213 1.01357 1.0151 1.01672 1.01843 1.02021 1.02212 1.02417 1.02616 1.02847 1.03072 1.03291 1.03552 1.03793 1.04057 1.05113 1.06079 1.06247 1.14911 1.31813 1.449 1.01974 1.20671 1.00254 1.01019 1.00151 1.00009 1.00001 1 1 1 1 1 1 1.00252 1.20513 
5.1119 1.19972 1.00252 1 1 1 1.00001 1.00011 1.00194 1.01258 1.00263 1.16656 1.01311 1.48715 1.24658 1.07889 1.05936 1.04614 1.0358 1.03285 1.0309 1.02845 1.02541 1.02255 1.02034 1.01818 1.01606 1.01411 1.0123 1.01061 1.00906 1.00766 1.00641 1.00531 1.00438 1.0036 1.00296 1.00245 1.00206 1.00174 1.00148 1.00125 1.00104 1.00085 1.00068 1.00055 1.00044 1.00038 1.00036 1.00039 1.00045 1.00055 1.00068 1.00084 1.00101 1.00119 1.00134 1.00147 1.00158 1.00166 1.00176 1.00186 1.00201 1.0022 1.00246 1.00278 1.00318 1.00367 1.00424 1.0049 1.00566 1.00652 1.00748 1.00854 1.00969 1.01093 1.01227 1.01369 1.0152 1.0168 1.01848 1.02023 1.02213 1.02403 1.02599 1.02838 1.03056 1.03271 1.03497 1.03746 1.04182 1.05428 1.05645 1.06303 1.15826 1.31291 1.45301 1.01837 1.18093 1.00401 1.00546 1.00073 1.00004 1 1 1 1 1 1 1.00252 1.20513 
5.11075 1.19972 1.00252 1 1 1 1.00002 1.00025 1.00284 1.00151 1.05686 1.02699 1.2447 1.26304 1.1257 1.05382 1.04468 1.03832 1.03387 1.03237 1.02993 1.02665 1.02387 1.02164 1.0194 1.01725 1.01527 1.01344 1.01173 1.01014 1.00867 1.00735 1.00616 1.00512 1.00423 1.00349 1.00289 1.0024 1.00202 1.00171 1.00146 1.00123 1.00104 1.00086 1.00071 1.00059 1.0005 1.00045 1.00043 1.00045 1.00051 1.00059 1.00069 1.0008 1.00092 1.00103 1.00112 1.00119 1.00125 1.0013 1.00136 1.00145 1.00157 1.00174 1.00197 1.00227 1.00263 1.00308 1.00361 1.00423 1.00493 1.00573 1.00661 1.00758 1.00864 1.00979 1.01103 1.01235 1.01375 1.01524 1.01682 1.01847 1.02021 1.02206 1.02389 1.02589 1.02827 1.03031 1.03215 1.03463 1.03709 1.04056 1.05096 1.05394 1.05956 1.16276 1.3118 1.43473 1.01774 1.09193 1.00265 1.00256 1.00025 1.00002 1 1 1 1 1 1.00252 1.20513 
5.11035 1.19972 1.00252 1 1 1 1.00002 1.00026 1.0012 1.02409 1.00565 1.32024 1.33495 1.16966 1.07205 1.04693 1.04046 1.03708 1.03406 1.03152 1.02821 1.0252 1.02288 1.02073 1.01846 1.01643 1.01455 1.01282 1.0112 1.0097 1.00833 1.00708 1.00597 1.00499 1.00415 1.00345 1.00287 1.00241 1.00203 1.00173 1.00148 1.00126 1.00107 1.0009 1.00076 1.00065 1.00057 1.00053 1.00051 1.00053 1.00056 1.00061 1.00068 1.00075 1.00081 1.00086 1.0009 1.00093 1.00095 1.00098 1.00102 1.00108 1.00119 1.00134 1.00154 1.00181 1.00215 1.00256 1.00305 1.00362 1.00426 1.00499 1.0058 1.00669 1.00766 1.00872 1.00986 1.01109 1.0124 1.01379 1.01527 1.01683 1.01846 1.02018 1.02196 1.02375 1.02591 1.02819 1.03008 1.03208 1.03464 1.0369 1.04258 1.04944 1.05035 1.06037 1.15855 1.31154 1.4243 1.02891 1.03667 1.00132 1.00054 1.00005 1 1 1 1 1 1.00252 1.20513 
5.11037 1.19972 1.00251 1 1 1.00001 1.00015 1.00168 1.00028 1.06088 1.00513 1.44633 1.22199 1.06992 1.05337 1.0451 1.03924 1.03638 1.03361 1.02995 1.0268 1.02438 1.0221 1.01982 1.01765 1.0157 1.01391 1.01226 1.01073 1.00932 1.00803 1.00686 1.00582 1.0049 1.00412 1.00345 1.0029 1.00245 1.00208 1.00178 1.00153 1.00131 1.00112 1.00096 1.00082 1.00072 1.00064 1.0006 1.00058 1.00058 1.00059 1.00061 1.00064 1.00066 1.00068 1.0007 1.0007 1.0007 1.0007 1.00071 1.00073 1.00078 1.00087 1.001 1.00118 1.00143 1.00173 1.00211 1.00256 1.00307 1.00366 1.00432 1.00506 1.00587 1.00676 1.00773 1.00878 1.00992 1.01114 1.01245 1.01384 1.01531 1.01684 1.01847 1.02016 1.02188 1.02378 1.02599 1.02812 1.03012 1.03234 1.0348 1.03801 1.04498 1.04927 1.04764 1.05839 1.21757 1.45559 1.0115 1.11927 1.00078 1.00422 1.00046 1.00003 1 1 1 1 1.00252 1.20513 
5.10923 1.19972 1.00251 1 1 1.00002 1.00039 1.00372 1.00121 1.08307 1.00805 1.45363 1.13792 1.05332 1.05094 1.04133 1.03862 1.03619 1.03244 1.02877 1.02608 1.02373 1.02132 1.01907 1.01697 1.0151 1.01338 1.01179 1.01033 1.00899 1.00778 1.00669 1.00571 1.00486 1.00412 1.00349 1.00296 1.00252 1.00216 1.00185 1.00159 1.00136 1.00117 1.001 1.00087 1.00077 1.00069 1.00064 1.00061 1.0006 1.00059 1.00058 1.00057 1.00056 1.00055 1.00054 1.00052 1.00051 1.00049 1.00049 1.0005 1.00053 1.00061 1.00072 1.00088 1.0011 1.00138 1.00173 1.00213 1.0026 1.00313 1.00373 1.00439 1.00513 1.00594 1.00683 1.0078 1.00886 1.01 1.01123 1.01254 1.01392 1.01537 1.0169 1.0185 1.02015 1.02191 1.02386 1.02605 1.0282 1.03035 1.03278 1.03508 1.03981 1.04622 1.04704 1.04649 1.10153 1.23978 1.24184 1.02142 1.03446 1.00048 1.00099 1.00008 1.00001 1 1 1 1.00252 1.20513 
5.10961 1.19972 1.00251 1 1 1.00001 1.00022 1.00222 1.00177 1.09413 1.05666 1.31005 1.11169 1.05345 1.04767 1.04026 1.03832 1.03564 1.0315 1.02813 1.02558 1.02314 1.02072 1.01848 1.01647 1.01463 1.01296 1.01142 1.01001 1.00874 1.00759 1.00656 1.00564 1.00484 1.00414 1.00354 1.00303 1.0026 1.00223 1.00191 1.00164 1.0014 1.00119 1.00102 1.00089 1.00078 1.00071 1.00065 1.00061 1.00057 1.00054 1.00051 1.00049 1.00046 1.00043 1.0004 1.00037 1.00035 1.00033 1.00031 1.00032 1.00034 1.0004 1.0005 1.00065 1.00085 1.0011 1.0014 1.00177 1.00219 1.00266 1.0032 1.0038 1.00447 1.00522 1.00604 1.00694 1.00793 1.00899 1.01014 1.01136 1.01266 1.01403 1.01547 1.01698 1.01857 1.02025 1.02208 1.02412 1.0263 1.02858 1.03104 1.03345 1.03643 1.04325 1.04633 1.04493 1.062 1.16701 1.30154 1.33309 1.01159 1.01772 1.00081 1.00016 1.00001 1 1 1 1.00252 1.20512 
5.11074 1.19972 1.00252 1 1 1.00002 1.0003 1.0035 1.00704 1.02919 1.28669 1.25938 1.0864 1.0529 1.04719 1.04069 1.0381 1.03479 1.03078 1.02781 1.02517 1.02263 1.02027 1.01807 1.0161 1.01429 1.01264 1.01114 1.00977 1.00855 1.00745 1.00647 1.0056 1.00484 1.00417 1.00359 1.00309 1.00266 1.00228 1.00195 1.00166 1.00141 1.00119 1.00101 1.00087 1.00076 1.00067 1.00061 1.00056 1.00052 1.00047 1.00043 1.00039 1.00035 1.00032 1.00028 1.00025 1.00022 1.0002 1.00019 1.00019 1.00021 1.00026 1.00034 1.00047 1.00065 1.00087 1.00114 1.00147 1.00184 1.00227 1.00276 1.0033 1.00391 1.0046 1.00536 1.0062 1.00711 1.00811 1.00918 1.01032 1.01154 1.01282 1.01417 1.01561 1.01714 1.01876 1.02053 1.02246 1.02461 1.0269 1.02937 1.03194 1.03446 1.03985 1.04403 1.04331 1.04955 1.06515 1.21925 1.42006 1.00911 1.04558 1.00002 1.00082 1.00007 1 1 1 1.00251 1.20513 
5.1111 1.19972 1.00253 1 1 1.00005 1.0006 1.00142 1.04345 1.02088 1.46908 1.1775 1.07869 1.0555 1.04576 1.04134 1.03752 1.03403 1.03032 1.02752 1.02487 1.02232 1.01995 1.01778 1.01583 1.01404 1.01241 1.01093 1.0096 1.00841 1.00735 1.0064 1.00556 1.00483 1.00418 1.00362 1.00312 1.00268 1.00229 1.00194 1.00164 1.00137 1.00115 1.00096 1.00081 1.00069 1.00061 1.00054 1.00048 1.00043 1.00039 1.00035 1.0003 1.00026 1.00022 1.00019 1.00016 1.00013 1.00011 1.0001 1.0001 1.00011 1.00016 1.00023 1.00034 1.0005 1.0007 1.00094 1.00123 1.00156 1.00195 1.00239 1.00289 1.00345 1.00408 1.00479 1.00557 1.00643 1.00736 1.00835 1.00942 1.01055 1.01175 1.01302 1.01439 1.01585 1.01742 1.01916 1.02103 1.02312 1.02538 1.02781 1.03054 1.03354 1.03776 1.04155 1.04267 1.04809 1.05343 1.10153 1.23617 1.19341 1.01158 1.00748 1.00182 1.00012 1.00001 1 1 1.00252 1.20513 
5.10954 1.19973 1.00254 1 1.00001 1.0001 1.00118 1.00143 1.05603 1.00546 1.42268 1.13272 1.07101 1.05937 1.04541 1.04144 1.0373 1.03337 1.03011 1.0273 1.02462 1.02209 1.01971 1.01758 1.01563 1.01385 1.01224 1.01078 1.00947 1.0083 1.00726 1.00633 1.00551 1.00479 1.00416 1.0036 1.0031 1.00265 1.00225 1.00189 1.00158 1.0013 1.00107 1.00087 1.00072 1.0006 1.00051 1.00044 1.00039 1.00034 1.0003 1.00026 1.00022 1.00018 1.00015 1.00012 1.0001 1.00007 1.00006 1.00005 1.00005 1.00006 1.0001 1.00016 1.00026 1.00039 1.00057 1.00078 1.00104 1.00134 1.00169 1.00209 1.00256 1.00308 1.00367 1.00433 1.00506 1.00586 1.00672 1.00764 1.00863 1.00968 1.0108 1.01201 1.01331 1.01471 1.01625 1.01795 1.01981 1.02187 1.02409 1.02648 1.02928 1.03245 1.0358 1.03968 1.043 1.04621 1.05131 1.06477 1.21958 1.40118 1.00304 1.0186 1.00047 1.00022 1.00002 1 1 1.00252 1.20513 
5.1103 1.19973 1.00254 1 1.00001 1.00016 1.00181 1.00056 1.05829 1.00217 1.41897 1.12736 1.06671 1.05982 1.0465 1.04089 1.037 1.03299 1.02994 1.02711 1.02442 1.02187 1.01952 1.0174 1.01546 1.0137 1.01209 1.01064 1.00934 1.00819 1.00715 1.00624 1.00543 1.00472 1.00409 1.00353 1.00302 1.00257 1.00217 1.0018 1.00148 1.0012 1.00096 1.00077 1.00061 1.00049 1.00041 1.00034 1.00029 1.00025 1.00022 1.00019 1.00015 1.00012 1.0001 1.00007 1.00005 1.00004 1.00002 1.00002 1.00002 1.00004 1.00007 1.00013 1.00021 1.00033 1.00048 1.00067 1.0009 1.00118 1.0015 1.00187 1.0023 1.0028 1.00335 1.00397 1.00465 1.00539 1.00619 1.00704 1.00796 1.00894 1.00999 1.01113 1.01238 1.01374 1.01524 1.01691 1.01877 1.0208 1.02303 1.02545 1.02817 1.03138 1.03443 1.03793 1.04284 1.04521 1.04778 1.05309 1.13351 1.4037 1.00153 1.03982 1.00212 1.00047 1.00004 1 1 1.00253 1.20514 
5.11106 1.19973 1.00254 1 1.00001 1.00019 1.00209 1.00051 1.06094 1.00197 1.42383 1.1289 1.05874 1.05891 1.04761 1.04064 1.03655 1.0328 1.02974 1.02694 1.02422 1.02168 1.01935 1.01724 1.01531 1.01355 1.01195 1.01051 1.00921 1.00806 1.00703 1.00613 1.00532 1.00461 1.00398 1.00341 1.00291 1.00245 1.00204 1.00168 1.00135 1.00107 1.00084 1.00064 1.0005 1.00038 1.0003 1.00024 1.0002 1.00017 1.00014 1.00012 1.0001 1.00008 1.00006 1.00004 1.00003 1.00002 1.00001 1.00001 1.00001 1.00003 1.00006 1.00011 1.00019 1.00029 1.00043 1.0006 1.00081 1.00106 1.00136 1.00172 1.00212 1.00258 1.00311 1.00368 1.00432 1.00501 1.00575 1.00654 1.00739 1.0083 1.0093 1.01038 1.01159 1.01292 1.0144 1.01606 1.01791 1.01993 1.02216 1.02462 1.02724 1.03041 1.03369 1.03694 1.04213 1.04529 1.04605 1.05417 1.13898 1.41044 1.00144 1.03661 1.00156 1.00055 1.00005 1 1 1.00253 1.20514 
5.10798 1.19973 1.00255 1 1.00002 1.00023 1.00245 1.00053 1.06403 1.0026 1.43072 1.13092 1.05342 1.0568 1.04966 1.04032 1.03604 1.0327 1.0296 1.02671 1.02403 1.02152 1.0192 1.01709 1.01516 1.01341 1.01181 1.01037 1.00908 1.00793 1.0069 1.00599 1.00519 1.00448 1.00384 1.00328 1.00277 1.00232 1.00191 1.00154 1.00122 1.00094 1.00071 1.00053 1.00038 1.00028 1.00021 1.00016 1.00012 1.0001 1.00009 1.00007 1.00006 1.00005 1.00004 1.00002 1.00001 1.00001 1.00001 1.00001 1.00002 1.00004 1.00007 1.00012 1.00019 1.00028 1.00041 1.00056 1.00076 1.00099 1.00128 1.00161 1.00199 1.00243 1.00292 1.00347 1.00406 1.0047 1.00538 1.00612 1.00691 1.00777 1.00872 1.00977 1.01094 1.01226 1.01373 1.01539 1.01723 1.01924 1.0215 1.02397 1.02661 1.02966 1.03288 1.03627 1.04122 1.04485 1.04538 1.05251 1.13374 1.40996 1.00344 1.04373 1.00133 1.00086 1.00007 1.00001 1 1.00254 1.20515 
5.10835 1.19974 1.00255 1 1.00002 1.00028 1.0029 1.00055 1.06838 1.00274 1.43308 1.12935 1.05446 1.05655 1.04866 1.04006 1.03584 1.0326 1.02943 1.02652 1.02387 1.02138 1.01906 1.01696 1.01504 1.01328 1.01168 1.01024 1.00895 1.0078 1.00677 1.00586 1.00506 1.00434 1.00371 1.00314 1.00263 1.00218 1.00177 1.00141 1.00109 1.00082 1.0006 1.00042 1.00029 1.00019 1.00013 1.00009 1.00006 1.00005 1.00004 1.00004 1.00003 1.00003 1.00002 1.00002 1.00001 1.00001 1.00001 1.00002 1.00004 1.00006 1.00009 1.00014 1.00021 1.00029 1.00041 1.00055 1.00074 1.00096 1.00123 1.00155 1.00191 1.00233 1.00279 1.0033 1.00385 1.00444 1.00508 1.00576 1.00651 1.00734 1.00825 1.00928 1.01044 1.01174 1.01321 1.01487 1.01672 1.01874 1.02101 1.02349 1.02627 1.02917 1.03217 1.03596 1.04068 1.04363 1.04609 1.04962 1.13324 1.42889 1.00204 1.04881 1.00084 1.00106 1.00009 1.00001 1 1.00254 1.20515 
5.11027 1.19974 1.00255 1 1.00002 1.0003 1.00302 1.00035 1.06987 1.00154 1.43562 1.13075 1.05735 1.05375 1.04629 1.04031 1.03573 1.0325 1.02932 1.0264 1.02375 1.02127 1.01896 1.01687 1.01495 1.01319 1.01159 1.01015 1.00886 1.0077 1.00667 1.00576 1.00495 1.00424 1.0036 1.00303 1.00252 1.00207 1.00166 1.0013 1.00099 1.00073 1.00051 1.00034 1.00022 1.00013 1.00008 1.00004 1.00003 1.00002 1.00002 1.00002 1.00002 1.00002 1.00002 1.00002 1.00002 1.00002 1.00003 1.00004 1.00006 1.00009 1.00012 1.00017 1.00024 1.00032 1.00043 1.00057 1.00075 1.00096 1.00122 1.00152 1.00186 1.00225 1.00269 1.00316 1.00367 1.00423 1.00482 1.00548 1.00619 1.00699 1.00789 1.0089 1.01006 1.01137 1.01285 1.01452 1.01637 1.01842 1.02069 1.02322 1.02602 1.02889 1.03187 1.03591 1.03966 1.0429 1.0472 1.04854 1.12712 1.42116 1.00159 1.05101 1.00063 1.00131 1.00012 1.00001 1 1.00254 1.20515 
5.10951 1.19974 1.00255 1 1.00002 1.0003 1.00303 1.00051 1.06934 1.00257 1.43694 1.13784 1.0599 1.05145 1.04533 1.04017 1.03555 1.03234 1.02926 1.0263 1.02365 1.02117 1.01888 1.0168 1.01488 1.01312 1.01153 1.01009 1.0088 1.00764 1.00661 1.0057 1.00489 1.00417 1.00353 1.00296 1.00245 1.002 1.00159 1.00123 1.00093 1.00067 1.00046 1.0003 1.00018 1.0001 1.00005 1.00002 1.00001 1 1 1.00001 1.00001 1.00001 1.00002 1.00002 1.00002 1.00003 1.00004 1.00006 1.00009 1.00012 1.00016 1.00022 1.00028 1.00037 1.00048 1.00062 1.00079 1.00099 1.00123 1.00152 1.00184 1.0022 1.00261 1.00305 1.00353 1.00405 1.00462 1.00524 1.00594 1.00673 1.00762 1.00864 1.00981 1.01113 1.01263 1.01432 1.01619 1.01825 1.02053 1.02318 1.02587 1.02858 1.03187 1.03583 1.03934 1.04267 1.04777 1.04801 1.12858 1.4243 1.00178 1.05251 1.00063 1.00141 1.00012 1.00001 1 1.00254 1.20515 
5.11029 1.19973 1.00254 1 1.00001 1.0002 1.00216 1.00062 1.06355 1.00327 1.45417 1.1529 1.06078 1.05067 1.04413 1.03924 1.03554 1.03221 1.02913 1.02614 1.02353 1.0211 1.01881 1.01674 1.01482 1.01307 1.01149 1.01006 1.00877 1.00762 1.00659 1.00568 1.00487 1.00416 1.00352 1.00295 1.00244 1.00198 1.00158 1.00122 1.00092 1.00066 1.00046 1.0003 1.00019 1.00011 1.00006 1.00003 1.00001 1 1 1 1.00001 1.00001 1.00002 1.00003 1.00004 1.00005 1.00007 1.00009 1.00012 1.00016 1.00021 1.00027 1.00035 1.00044 1.00055 1.00069 1.00085 1.00105 1.00128 1.00154 1.00184 1.00217 1.00254 1.00295 1.00341 1.0039 1.00445 1.00507 1.00576 1.00655 1.00745 1.00849 1.00967 1.01102 1.01254 1.01425 1.01615 1.01824 1.02054 1.02321 1.02591 1.02855 1.03191 1.03586 1.03919 1.04319 1.04793 1.05192 1.16147 1.48478 1.0089 1.05432 1.00354 1.0008 1.00007 1 1 1.00253 1.20514 
5.10953 1.19974 1.00255 1 1.00002 1.00025 1.00262 1.00095 1.06263 1.00498 1.4246 1.146 1.06082 1.04969 1.0434 1.03833 1.03517 1.03212 1.02897 1.02593 1.02337 1.02097 1.0187 1.01663 1.01473 1.01299 1.01142 1.01 1.00873 1.00759 1.00658 1.00568 1.00489 1.00418 1.00355 1.00299 1.00248 1.00202 1.00162 1.00126 1.00096 1.0007 1.0005 1.00034 1.00022 1.00014 1.00009 1.00005 1.00003 1.00001 1.00001 1 1.00001 1.00001 1.00002 1.00003 1.00005 1.00007 1.00009 1.00012 1.00016 1.00021 1.00027 1.00034 1.00043 1.00053 1.00065 1.00079 1.00095 1.00113 1.00134 1.00158 1.00185 1.00216 1.0025 1.00288 1.00331 1.00379 1.00433 1.00495 1.00565 1.00645 1.00737 1.00843 1.00964 1.01103 1.01258 1.01431 1.01624 1.01836 1.02073 1.02332 1.02602 1.02872 1.03203 1.03611 1.03924 1.04371 1.04893 1.06366 1.16434 1.41927 1.01404 1.03977 1.00285 1.00059 1.00005 1 1 1.00253 1.20515 
5.10988 1.19973 1.00255 1 1.00002 1.00034 1.00333 1.00085 1.07902 1.00408 1.46962 1.15558 1.05338 1.04891 1.04302 1.03781 1.0347 1.03185 1.02878 1.02571 1.02315 1.02077 1.01851 1.01645 1.01456 1.01285 1.01129 1.00989 1.00864 1.00753 1.00654 1.00567 1.0049 1.00421 1.0036 1.00306 1.00256 1.00212 1.00171 1.00136 1.00105 1.00079 1.00058 1.00042 1.00029 1.0002 1.00013 1.00009 1.00005 1.00003 1.00002 1.00001 1.00001 1.00001 1.00002 1.00004 1.00006 1.00009 1.00012 1.00016 1.00021 1.00027 1.00035 1.00044 1.00054 1.00065 1.00078 1.00092 1.00107 1.00124 1.00143 1.00164 1.00188 1.00216 1.00248 1.00284 1.00325 1.00372 1.00427 1.00489 1.0056 1.00643 1.00738 1.00847 1.00972 1.01114 1.01272 1.0145 1.01645 1.0186 1.021 1.02359 1.02628 1.02902 1.03236 1.03644 1.03965 1.04437 1.0494 1.06653 1.19905 1.45665 1.00095 1.01585 1.00243 1.00013 1.00001 1 1 1.00252 1.20514 
5.11104 1.1997 1.00252 1 1.00003 1.0004 1.00144 1.01329 1.02617 1.17022 1.23794 1.11922 1.05211 1.0481 1.04323 1.03776 1.03433 1.03157 1.02857 1.02548 1.02294 1.02055 1.01828 1.01622 1.01434 1.01262 1.01108 1.0097 1.00847 1.00738 1.00643 1.00559 1.00486 1.00422 1.00365 1.00313 1.00266 1.00223 1.00184 1.00149 1.00118 1.00092 1.0007 1.00052 1.00038 1.00028 1.00019 1.00013 1.00008 1.00005 1.00003 1.00001 1.00001 1.00001 1.00003 1.00005 1.00008 1.00011 1.00016 1.00021 1.00028 1.00036 1.00045 1.00056 1.00068 1.0008 1.00094 1.00108 1.00122 1.00137 1.00154 1.00172 1.00193 1.00218 1.00248 1.00282 1.00323 1.0037 1.00425 1.00489 1.00563 1.00649 1.00748 1.00861 1.0099 1.01135 1.01298 1.01479 1.01677 1.01898 1.02135 1.02396 1.02669 1.02951 1.03276 1.03678 1.04015 1.045 1.05357 1.07104 1.17335 1.42174 1.0039 1.02805 1.00297 1.00033 1.00003 1 1 1.00253 1.20514 
5.10973 1.19972 1.0025 1 1.00004 1.00046 1.00017 1.02732 1.00714 1.39468 1.20456 1.07716 1.05526 1.04719 1.04339 1.03794 1.03408 1.0314 1.02837 1.02531 1.02276 1.02033 1.01805 1.01598 1.01409 1.01236 1.01081 1.00943 1.00821 1.00715 1.00622 1.00543 1.00475 1.00415 1.00364 1.00317 1.00274 1.00235 1.00198 1.00164 1.00133 1.00106 1.00083 1.00064 1.00048 1.00036 1.00026 1.00018 1.00012 1.00007 1.00004 1.00002 1.00001 1.00001 1.00003 1.00006 1.00009 1.00014 1.00021 1.00028 1.00037 1.00047 1.00058 1.00071 1.00085 1.00099 1.00113 1.00126 1.00139 1.00152 1.00166 1.00182 1.00201 1.00223 1.00251 1.00284 1.00325 1.00373 1.0043 1.00496 1.00574 1.00663 1.00766 1.00884 1.01017 1.01167 1.01334 1.01518 1.01721 1.01943 1.02183 1.02445 1.02717 1.03007 1.03324 1.03732 1.04172 1.04711 1.06141 1.06836 1.13464 1.40911 1.00196 1.03803 1.00323 1.00044 1.00004 1 1 1.00253 1.20514 
5.11051 1.19969 1.00245 1.00001 1.00008 1.00091 1.00081 1.04466 1.0017 1.39587 1.11869 1.06732 1.05654 1.04635 1.04363 1.03813 1.03395 1.03134 1.02829 1.02528 1.02267 1.02018 1.01789 1.01579 1.01387 1.01213 1.01055 1.00916 1.00793 1.00686 1.00595 1.00518 1.00454 1.004 1.00354 1.00314 1.00277 1.00242 1.00209 1.00177 1.00148 1.0012 1.00097 1.00076 1.00059 1.00044 1.00033 1.00023 1.00016 1.0001 1.00006 1.00003 1.00002 1.00002 1.00004 1.00007 1.00012 1.00019 1.00027 1.00037 1.00048 1.00061 1.00075 1.00091 1.00106 1.00121 1.00135 1.00148 1.00159 1.0017 1.00181 1.00194 1.0021 1.00231 1.00257 1.0029 1.00331 1.00381 1.0044 1.0051 1.00591 1.00686 1.00793 1.00916 1.01054 1.01208 1.01379 1.01566 1.01774 1.01997 1.02242 1.02505 1.02769 1.03073 1.03382 1.03803 1.04475 1.05037 1.06406 1.07891 1.1996 1.38556 1.00478 1.02286 1.00022 1.00032 1.00003 1 1 1.00252 1.20513 
5.11089 1.1997 1.00246 1 1.00005 1.00063 1.00138 1.04459 1.00179 1.41343 1.13457 1.06896 1.0571 1.04586 1.04414 1.03875 1.03401 1.03142 1.02834 1.02533 1.02268 1.02014 1.01783 1.0157 1.01375 1.01197 1.01036 1.00893 1.00768 1.00659 1.00567 1.0049 1.00427 1.00377 1.00336 1.00302 1.00272 1.00243 1.00215 1.00187 1.00159 1.00133 1.00108 1.00087 1.00068 1.00053 1.0004 1.00029 1.0002 1.00013 1.00008 1.00005 1.00003 1.00003 1.00005 1.00009 1.00016 1.00025 1.00035 1.00048 1.00063 1.00079 1.00097 1.00114 1.00132 1.00147 1.00161 1.00172 1.00181 1.00189 1.00197 1.00208 1.00222 1.00241 1.00267 1.00301 1.00343 1.00395 1.00457 1.00531 1.00617 1.00716 1.00828 1.00956 1.01099 1.01257 1.01432 1.01625 1.01835 1.0206 1.02311 1.02572 1.02835 1.03136 1.03453 1.03888 1.04681 1.05749 1.05944 1.10695 1.22805 1.18645 1.01413 1.01077 1.00169 1.00019 1.00001 1 1 1.00252 1.20513 
5.10929 1.19972 1.0025 1 1.00003 1.00039 1.0001 1.02582 1.0031 1.3876 1.21833 1.08763 1.0576 1.04509 1.04466 1.03977 1.03431 1.03156 1.02868 1.0256 1.02278 1.02024 1.0179 1.01573 1.01374 1.01192 1.01028 1.00881 1.00751 1.00639 1.00544 1.00464 1.00401 1.00351 1.00312 1.00283 1.00258 1.00236 1.00214 1.0019 1.00166 1.00142 1.00118 1.00096 1.00077 1.00061 1.00047 1.00035 1.00025 1.00017 1.00011 1.00007 1.00005 1.00005 1.00008 1.00014 1.00022 1.00033 1.00047 1.00063 1.00081 1.00102 1.00122 1.00143 1.00161 1.00177 1.0019 1.00199 1.00205 1.0021 1.00216 1.00224 1.00236 1.00255 1.00281 1.00315 1.00359 1.00414 1.0048 1.00558 1.00649 1.00753 1.00871 1.01004 1.01152 1.01315 1.01495 1.01691 1.01902 1.02135 1.02386 1.02638 1.02914 1.03214 1.03523 1.03975 1.04957 1.06311 1.05667 1.12357 1.41272 1.00309 1.06238 1.00098 1.00185 1.00017 1.00001 1 1 1.00251 1.20512 
5.10837 1.19971 1.00252 1 1.00001 1.0002 1.0026 1.0044 1.03272 1.13266 1.25344 1.12775 1.06562 1.04755 1.04538 1.04072 1.03489 1.03164 1.02923 1.02614 1.02304 1.02049 1.01812 1.01591 1.01388 1.01202 1.01033 1.00881 1.00747 1.0063 1.0053 1.00446 1.00379 1.00327 1.00288 1.0026 1.00239 1.00222 1.00206 1.00188 1.00169 1.00147 1.00126 1.00105 1.00086 1.00069 1.00055 1.00042 1.00031 1.00022 1.00015 1.0001 1.00008 1.00009 1.00013 1.0002 1.00031 1.00045 1.00062 1.00082 1.00104 1.00128 1.00153 1.00176 1.00196 1.00211 1.00222 1.00228 1.00232 1.00234 1.00237 1.00242 1.00253 1.00271 1.00297 1.00333 1.0038 1.00438 1.00508 1.00591 1.00687 1.00797 1.00921 1.01059 1.01213 1.01382 1.01565 1.01765 1.0198 1.02219 1.02464 1.02716 1.03008 1.03299 1.03655 1.04317 1.05722 1.06074 1.05959 1.20833 1.4288 1.00606 1.03457 1.00006 1.00062 1.00005 1 1 1 1.00251 1.20512 
5.10951 1.19972 1.00255 1 1.00001 1.00021 1.00221 1.00041 1.0667 1.00116 1.4406 1.14709 1.07141 1.05547 1.0459 1.04157 1.03567 1.03208 1.02988 1.02677 1.02348 1.0209 1.0185 1.01625 1.01417 1.01226 1.01052 1.00895 1.00756 1.00633 1.00527 1.00438 1.00365 1.00309 1.00267 1.00238 1.00218 1.00205 1.00194 1.00183 1.00169 1.00152 1.00133 1.00113 1.00095 1.00078 1.00063 1.0005 1.00039 1.00029 1.00021 1.00016 1.00014 1.00016 1.00021 1.00031 1.00044 1.00061 1.00081 1.00105 1.00132 1.0016 1.00188 1.00213 1.00234 1.00248 1.00257 1.0026 1.00259 1.00258 1.00258 1.00262 1.00272 1.0029 1.00317 1.00354 1.00404 1.00466 1.00541 1.00629 1.00731 1.00846 1.00976 1.01121 1.01281 1.01454 1.01642 1.01846 1.02068 1.02307 1.02547 1.02814 1.03102 1.03395 1.03913 1.04908 1.05948 1.05446 1.09332 1.24623 1.22328 1.01628 1.01571 1.00079 1.00031 1.00002 1 1 1 1.00252 1.20512 
5.11147 1.19972 1.00253 1 1.00001 1.00012 1.00131 1.00021 1.06227 1.00759 1.46407 1.21545 1.10045 1.06048 1.04653 1.04332 1.03673 1.03319 1.03076 1.02734 1.0241 1.02147 1.01903 1.01674 1.0146 1.01264 1.01085 1.00923 1.00777 1.00648 1.00535 1.0044 1.00361 1.00299 1.00252 1.0022 1.002 1.00189 1.00182 1.00176 1.00167 1.00155 1.0014 1.00123 1.00105 1.00089 1.00074 1.0006 1.00048 1.00038 1.00031 1.00026 1.00025 1.00028 1.00035 1.00046 1.00062 1.00082 1.00106 1.00133 1.00164 1.00196 1.00227 1.00254 1.00275 1.00288 1.00293 1.00292 1.00287 1.00283 1.0028 1.00282 1.00291 1.00308 1.00337 1.00377 1.00429 1.00496 1.00576 1.0067 1.00778 1.009 1.01037 1.01188 1.01354 1.01532 1.01727 1.01937 1.02165 1.02399 1.02645 1.0292 1.03203 1.03492 1.04147 1.05621 1.0577 1.04532 1.12548 1.42012 1.00449 1.075 1.00121 1.00298 1.0003 1.00002 1 1 1 1.00252 1.20513 
5.11037 1.19973 1.00252 1 1 1.00002 1.0003 1.00016 1.02755 1.00831 1.34613 1.30232 1.17306 1.06425 1.04611 1.04477 1.03837 1.03475 1.03174 1.02818 1.02497 1.02216 1.01969 1.01735 1.01516 1.01314 1.0113 1.00961 1.00809 1.00672 1.00553 1.0045 1.00365 1.00296 1.00244 1.00208 1.00186 1.00175 1.00172 1.0017 1.00167 1.00161 1.00149 1.00134 1.00118 1.00102 1.00087 1.00073 1.00061 1.00051 1.00044 1.00041 1.00041 1.00045 1.00054 1.00068 1.00086 1.00109 1.00136 1.00167 1.002 1.00235 1.00269 1.00298 1.00318 1.00329 1.00329 1.00323 1.00314 1.00305 1.003 1.003 1.00308 1.00326 1.00355 1.00398 1.00454 1.00525 1.00611 1.00712 1.00827 1.00956 1.011 1.01259 1.01432 1.01618 1.01817 1.02035 1.02264 1.02498 1.02759 1.03031 1.0331 1.03609 1.0465 1.06332 1.05452 1.05488 1.21711 1.46822 1.00721 1.04384 1.00004 1.00078 1.00007 1 1 1 1 1.00252 1.20513 
5.11075 1.19972 1.00251 1 1 1.00001 1.00014 1.00154 1.00034 1.0531 1.01989 1.45232 1.30778 1.09899 1.04992 1.04612 1.03966 1.03637 1.03297 1.02919 1.02598 1.02299 1.02046 1.01808 1.01583 1.01375 1.01183 1.01008 1.00848 1.00705 1.00578 1.00468 1.00376 1.00301 1.00244 1.00204 1.00179 1.00168 1.00166 1.00168 1.00171 1.00169 1.00162 1.0015 1.00135 1.00119 1.00104 1.00091 1.00079 1.0007 1.00064 1.00062 1.00064 1.0007 1.00081 1.00096 1.00117 1.00142 1.00172 1.00205 1.00242 1.00279 1.00314 1.00343 1.00362 1.00369 1.00364 1.00352 1.00337 1.00324 1.00316 1.00315 1.00322 1.0034 1.00372 1.00417 1.00478 1.00554 1.00646 1.00753 1.00876 1.01013 1.01166 1.01333 1.01514 1.01705 1.01912 1.02139 1.02371 1.02613 1.0288 1.03148 1.03445 1.03957 1.05722 1.06484 1.04535 1.09546 1.23924 1.24635 1.01346 1.02332 1.00048 1.00045 1.00003 1 1 1 1 1.00252 1.20513 
5.11112 1.19972 1.00252 1 1 1 1 1.00001 1.00009 1.00219 1.03139 1.32122 1.37069 1.16649 1.06889 1.04731 1.04111 1.03868 1.03463 1.03027 1.02701 1.02392 1.02134 1.01888 1.01657 1.01442 1.01244 1.01061 1.00895 1.00744 1.0061 1.00493 1.00394 1.00313 1.00251 1.00207 1.00179 1.00167 1.00167 1.00173 1.0018 1.00183 1.0018 1.00171 1.00158 1.00143 1.00128 1.00115 1.00104 1.00097 1.00092 1.00091 1.00094 1.00102 1.00115 1.00132 1.00155 1.00182 1.00214 1.00249 1.00287 1.00325 1.0036 1.00388 1.00404 1.00406 1.00395 1.00376 1.00355 1.00339 1.00328 1.00326 1.00334 1.00353 1.00387 1.00436 1.00501 1.00582 1.00681 1.00795 1.00925 1.01071 1.01233 1.01409 1.01596 1.01797 1.02018 1.02247 1.02484 1.02738 1.03002 1.03291 1.03634 1.0466 1.06669 1.05682 1.05101 1.22415 1.46731 1.01274 1.07889 1.00033 1.00216 1.00021 1.00001 1 1 1 1 1.00252 1.20513 
5.11152 1.19972 1.00252 1 1 1 1.00001 1.00013 1.00148 1.00004 1.0593 1.03521 1.45773 1.233 1.09605 1.04777 1.04209 1.04195 1.03682 1.03128 1.02803 1.02501 1.02228 1.01975 1.01736 1.01515 1.0131 1.0112 1.00946 1.00788 1.00647 1.00524 1.00419 1.00333 1.00266 1.00219 1.0019 1.00177 1.00177 1.00186 1.00197 1.00205 1.00207 1.002 1.00189 1.00175 1.00161 1.00148 1.00139 1.00132 1.00128 1.00129 1.00134 1.00143 1.00157 1.00176 1.00199 1.00228 1.0026 1.00297 1.00335 1.00373 1.00406 1.0043 1.00442 1.00438 1.00419 1.00394 1.00368 1.00348 1.00337 1.00336 1.00346 1.00368 1.00405 1.00457 1.00527 1.00614 1.00719 1.00839 1.00977 1.01132 1.01303 1.01485 1.01681 1.01898 1.02124 1.02356 1.026 1.02864 1.03144 1.03473 1.03854 1.05795 1.06883 1.05579 1.15345 1.30364 1.39757 1.02205 1.03379 1.00112 1.00042 1.00003 1 1 1 1 1 1.00252 1.20513 
5.11036 1.19972 1.00252 1 1 1 1.00001 1.00013 1.0017 1.00245 1.03375 1.03788 1.2684 1.24297 1.13607 1.05595 1.04227 1.04603 1.03964 1.0323 1.02906 1.02612 1.02329 1.02067 1.0182 1.01592 1.0138 1.01183 1.01002 1.00838 1.00691 1.00562 1.00453 1.00363 1.00293 1.00243 1.00213 1.00199 1.002 1.00211 1.00226 1.00238 1.00244 1.00241 1.00231 1.00218 1.00204 1.00192 1.00183 1.00177 1.00175 1.00176 1.00181 1.00191 1.00206 1.00225 1.00249 1.00278 1.00311 1.00347 1.00385 1.0042 1.0045 1.00469 1.00474 1.00463 1.00438 1.00407 1.00378 1.00358 1.00348 1.0035 1.00363 1.0039 1.00431 1.00488 1.00562 1.00655 1.00765 1.00892 1.01037 1.012 1.01376 1.01567 1.01778 1.01999 1.02228 1.0247 1.02732 1.03013 1.03318 1.03598 1.04548 1.07341 1.06549 1.08552 1.2459 1.27447 1.02354 1.04861 1.00044 1.00173 1.00015 1.00001 1 1 1 1 1 1.00252 1.20513 
5.10881 1.19972 1.00252 1 1 1 1 1 1.00006 1.00027 1.018 1.01976 1.48511 1.34411 1.14648 1.08425 1.0432 1.04939 1.04349 1.0338 1.03008 1.02717 1.02436 1.02161 1.01907 1.01672 1.01453 1.0125 1.01064 1.00895 1.00743 1.00611 1.00497 1.00405 1.00333 1.00281 1.0025 1.00236 1.00238 1.0025 1.00268 1.00285 1.00294 1.00294 1.00286 1.00273 1.0026 1.00248 1.00239 1.00233 1.0023 1.00232 1.00237 1.00247 1.00261 1.00279 1.00303 1.00331 1.00364 1.00399 1.00434 1.00466 1.00491 1.00504 1.00501 1.00483 1.00453 1.00419 1.0039 1.00371 1.00366 1.00374 1.00393 1.00425 1.00471 1.00534 1.00613 1.00711 1.00826 1.00958 1.0111 1.01278 1.01461 1.01664 1.01879 1.02102 1.02344 1.02604 1.02883 1.03168 1.03445 1.03774 1.06094 1.07833 1.05932 1.20327 1.44454 1.0131 1.15045 1.00148 1.00755 1.00097 1.00006 1 1 1 1 1 1 1.00252 1.20513 
5.10843 1.19972 1.00252 1 1 1 1.00001 1.00009 1.0011 1.0002 1.04368 1.00542 1.24428 1.16513 1.20534 1.10846 1.05095 1.05295 1.04694 1.03548 1.03119 1.02818 1.02544 1.02262 1.01998 1.01758 1.01533 1.01325 1.01134 1.00961 1.00806 1.00671 1.00556 1.00461 1.00387 1.00335 1.00303 1.00289 1.00291 1.00305 1.00325 1.00345 1.00358 1.00361 1.00354 1.00342 1.00328 1.00316 1.00306 1.00299 1.00295 1.00295 1.00299 1.00307 1.0032 1.00337 1.00359 1.00385 1.00416 1.00449 1.00482 1.0051 1.00528 1.00534 1.00524 1.00501 1.00468 1.00435 1.00409 1.00396 1.00397 1.00412 1.00439 1.00479 1.00532 1.006 1.00685 1.00789 1.00908 1.01044 1.01202 1.01375 1.01565 1.01771 1.01987 1.02221 1.02479 1.02748 1.03023 1.0329 1.03604 1.04851 1.08412 1.0907 1.13072 1.31727 1.41207 1.03475 1.03465 1.00194 1.0005 1.00004 1 1 1 1 1 1 1 1.00252 1.20513 
5.1092 1.19972 1.00252 1 1 1 1 1.00001 1.0002 1.00216 1.00025 1.06801 1.00035 1.44784 1.17026 1.10124 1.06735 1.06064 1.04999 1.0374 1.03266 1.02918 1.02648 1.02367 1.02096 1.0185 1.0162 1.01409 1.01215 1.01039 1.00882 1.00745 1.00628 1.00533 1.00458 1.00405 1.00373 1.00359 1.00362 1.00376 1.00399 1.00421 1.00437 1.00442 1.00437 1.00425 1.0041 1.00396 1.00384 1.00375 1.00369 1.00366 1.00367 1.00372 1.00381 1.00395 1.00414 1.00439 1.00468 1.00499 1.00528 1.00551 1.00564 1.00563 1.00548 1.00521 1.0049 1.00461 1.00441 1.00436 1.00446 1.0047 1.00506 1.00554 1.00615 1.0069 1.00783 1.0089 1.01011 1.01154 1.01317 1.01492 1.01682 1.01891 1.02117 1.02361 1.02623 1.02899 1.03155 1.03505 1.04755 1.08706 1.10268 1.17333 1.29249 1.40947 1.01779 1.11043 1.00507 1.00383 1.00041 1.00003 1 1 1 1 1 1 1 1.00252 1.20513 
5.11113 1.19972 1.00252 1 1 1 1 1.00001 1.00016 1.0017 1.00168 1.06246 1.01013 1.42158 1.14358 1.08746 1.07125 1.07756 1.05394 1.0388 1.03474 1.03032 1.02754 1.02474 1.022 1.01951 1.01718 1.01503 1.01307 1.0113 1.00972 1.00834 1.00717 1.00621 1.00546 1.00493 1.0046 1.00447 1.00449 1.00465 1.00488 1.00513 1.00532 1.00539 1.00534 1.00522 1.00505 1.00488 1.00473 1.0046 1.0045 1.00442 1.00438 1.00438 1.00443 1.00454 1.0047 1.00492 1.00519 1.00548 1.00574 1.00594 1.00602 1.00596 1.00578 1.00552 1.00525 1.00503 1.00492 1.00495 1.00514 1.00548 1.00594 1.00653 1.00722 1.00807 1.00906 1.01017 1.01145 1.01291 1.01451 1.01626 1.0182 1.02035 1.02267 1.0252 1.02787 1.03043 1.03412 1.03991 1.06635 1.11196 1.23566 1.29142 1.50474 1.01777 1.20873 1.00257 1.00884 1.00142 1.00008 1.00001 1 1 1 1 1 1 1 1.00252 1.20513 
5.11267 1.19972 1.00252 1 1 1 1 1 1.00005 1.00056 1.00011 1.03123 1.00507 1.40994 1.24504 1.07684 1.05855 1.09041 1.05915 1.04024 1.03629 1.03166 1.0287 1.02589 1.02314 1.02061 1.01827 1.0161 1.01413 1.01235 1.01077 1.00939 1.00821 1.00725 1.0065 1.00597 1.00565 1.00551 1.00554 1.00569 1.00594 1.00621 1.00642 1.0065 1.00646 1.00632 1.00613 1.00592 1.00572 1.00553 1.00537 1.00524 1.00513 1.00508 1.00508 1.00514 1.00527 1.00547 1.00572 1.006 1.00624 1.00642 1.00647 1.00639 1.00621 1.00598 1.00578 1.00564 1.00563 1.00576 1.00604 1.00647 1.00705 1.00774 1.00856 1.00952 1.01059 1.01174 1.01301 1.01445 1.01607 1.01787 1.01988 1.02205 1.02441 1.02702 1.03023 1.03432 1.03797 1.05182 1.13968 1.26512 1.22888 1.4267 1.01308 1.21605 1.00268 1.02052 1.00058 1.00021 1.00002 1 1 1 1 1 1 1 1 1.00252 1.20513 
5.11151 1.19972 1.00252 1 1 1 1 1 1.00001 1.0002 1.00178 1.01013 1.01797 1.21103 1.27421 1.1087 1.05006 1.10026 1.06471 1.04112 1.03784 1.0332 1.02996 1.02713 1.02439 1.02182 1.01947 1.0173 1.01533 1.01354 1.01196 1.01058 1.00941 1.00845 1.00771 1.00718 1.00685 1.00672 1.00675 1.0069 1.00715 1.00743 1.00766 1.00776 1.00771 1.00755 1.00732 1.00706 1.0068 1.00654 1.00631 1.0061 1.00593 1.00581 1.00576 1.00579 1.0059 1.00608 1.00633 1.00659 1.00684 1.00701 1.00706 1.00699 1.00683 1.00666 1.00652 1.00648 1.00656 1.00678 1.00715 1.0077 1.00839 1.00919 1.01012 1.01118 1.01232 1.01345 1.01472 1.01622 1.01794 1.0198 1.02182 1.02402 1.02651 1.02964 1.03492 1.0366 1.04816 1.15094 1.26755 1.45252 1.38926 1.03151 1.17904 1.00242 1.01947 1.00073 1.00011 1.00001 1 1 1 1 1 1 1 1 1 1.00252 1.20513 
5.11461 1.19972 1.00252 1 1 1 1 1 1.00001 1.00021 1.00214 1.00714 1.08749 1.01627 1.48333 1.16312 1.04956 1.09899 1.08374 1.04596 1.03903 1.03502 1.03128 1.0285 1.02573 1.02314 1.0208 1.01863 1.01665 1.01487 1.01329 1.01192 1.01075 1.0098 1.00906 1.00853 1.00821 1.00808 1.0081 1.00826 1.00851 1.0088 1.00904 1.00914 1.00909 1.0089 1.00863 1.0083 1.00796 1.00763 1.00731 1.00702 1.00679 1.00662 1.00653 1.00653 1.00663 1.00681 1.00705 1.00733 1.00759 1.00777 1.00783 1.00779 1.00768 1.00757 1.00751 1.00756 1.00772 1.00802 1.00848 1.00911 1.00991 1.01087 1.01191 1.01313 1.01417 1.01531 1.01675 1.01836 1.02009 1.02196 1.02401 1.02668 1.03007 1.03418 1.03643 1.04772 1.14527 1.31515 1.46239 1.02975 1.23645 1.08317 1.05326 1.00437 1.00011 1.00004 1 1 1 1 1 1 1 1 1 1 1 1.00252 1.20513 
5.11345 1.19972 1.00252 1 1 1 1 1 1 1.00004 1.0005 1.00004 1.03086 1.00506 1.4134 1.23417 1.06384 1.07807 1.09195 1.05747 1.04068 1.03655 1.03267 1.02994 1.02723 1.0246 1.02224 1.02008 1.01811 1.01633 1.01476 1.01339 1.01224 1.01129 1.01055 1.01003 1.00972 1.00958 1.00961 1.00976 1.01 1.01029 1.01054 1.01065 1.01058 1.01036 1.01003 1.00963 1.00921 1.00879 1.0084 1.00805 1.00776 1.00755 1.00743 1.00742 1.00752 1.0077 1.00797 1.00826 1.00854 1.00875 1.00884 1.00884 1.00878 1.00873 1.00874 1.00886 1.0091 1.00947 1.01 1.01069 1.01164 1.01269 1.01391 1.01514 1.0162 1.01748 1.01905 1.02068 1.02243 1.02463 1.02745 1.03092 1.03437 1.03564 1.04823 1.14477 1.31658 1.5338 1.02562 1.44395 1.0535 1.11015 1.00505 1.00212 1.00019 1.00002 1 1 1 1 1 1 1 1 1 1 1 1.00252 1.20513 
5.11384 1.19972 1.00252 1 1 1 1 1 1 1 1.00006 1.00093 1.00414 1.0144 1.18479 1.29946 1.12693 1.05728 1.09787 1.06491 1.04223 1.03866 1.03441 1.0314 1.02877 1.02619 1.02379 1.02164 1.01967 1.01791 1.01635 1.01499 1.01385 1.01291 1.01218 1.01167 1.01135 1.01122 1.01124 1.01139 1.01162 1.01191 1.01215 1.01226 1.01218 1.01192 1.01153 1.01106 1.01057 1.01007 1.00961 1.0092 1.00888 1.00864 1.00852 1.00851 1.00862 1.00882 1.00911 1.00943 1.00974 1.00998 1.01011 1.01015 1.01014 1.01015 1.01023 1.0104 1.01069 1.01112 1.01181 1.01272 1.0137 1.01477 1.0162 1.01723 1.01828 1.0199 1.02164 1.0238 1.02587 1.02877 1.0317 1.03416 1.03554 1.04586 1.14802 1.3184 1.51768 1.02952 1.40561 1.01164 1.15489 1.00468 1.00572 1.00063 1.00004 1 1 1 1 1 1 1 1 1 1 1 1 1.00252 1.20513 
5.11345 1.19972 1.00252 1 1 1 1 1 1 1.00001 1.0001 1.0011 1.00022 1.0664 1.01184 1.48582 1.24775 1.08181 1.09565 1.07701 1.04748 1.0404 1.03653 1.03307 1.03038 1.02787 1.02545 1.02331 1.02136 1.01959 1.01804 1.0167 1.01557 1.01465 1.01393 1.01342 1.01312 1.01299 1.01301 1.01315 1.01337 1.01364 1.01389 1.01399 1.01388 1.01358 1.01314 1.01261 1.01205 1.01149 1.01098 1.01054 1.01019 1.00995 1.00984 1.00984 1.00996 1.01019 1.0105 1.01085 1.01119 1.01146 1.01163 1.01171 1.01176 1.01184 1.01197 1.01219 1.01256 1.01321 1.01416 1.01492 1.01603 1.01777 1.01882 1.01969 1.02114 1.02291 1.0251 1.02739 1.02938 1.03125 1.03296 1.04452 1.08395 1.21031 1.31499 1.51946 1.02539 1.43531 1.008 1.23054 1.00373 1.01145 1.00167 1.00009 1.00001 1 1 1 1 1 1 1 1 1 1 1 1 1.00252 1.20513 
5.11345 1.19972 1.00252 1 1 1 1 1 1 1 1.00001 1.00008 1.00133 1.01079 1.00782 1.33697 1.30418 1.1426 1.07612 1.07661 1.05832 1.04209 1.03861 1.0349 1.03209 1.02962 1.02723 1.02506 1.02314 1.02139 1.01985 1.01851 1.01739 1.01649 1.01579 1.01528 1.01498 1.01486 1.01488 1.01502 1.01525 1.01549 1.01572 1.01582 1.0157 1.01537 1.01487 1.01428 1.01367 1.01307 1.01253 1.01208 1.01173 1.0115 1.0114 1.01143 1.01158 1.01183 1.01217 1.01254 1.01291 1.01322 1.01343 1.01357 1.01367 1.0138 1.014 1.01426 1.01478 1.01569 1.01618 1.01716 1.01945 1.02043 1.02072 1.02198 1.02408 1.02601 1.0281 1.02949 1.02981 1.04127 1.08143 1.20992 1.22103 1.51296 1.73874 1.04064 1.571 1.01686 1.26279 1.00314 1.01902 1.00042 1.00017 1.00001 1 1 1 1 1 1 1 1 1 1 1 1 1 1.00252 1.20513 
5.11345 1.19972 1.00252 1 1 1 1 1 1 1 1 1.00003 1.00036 1.00046 1.01713 1.02272 1.37402 1.27201 1.06987 1.07304 1.07182 1.04627 1.0407 1.03715 1.03391 1.03142 1.02913 1.02692 1.025 1.02329 1.02176 1.02044 1.01933 1.01842 1.01776 1.01729 1.01695 1.0168 1.01681 1.01694 1.01718 1.01747 1.0177 1.01778 1.01764 1.01729 1.01675 1.01612 1.01547 1.01485 1.0143 1.01385 1.01352 1.01332 1.01324 1.01329 1.01346 1.01374 1.01411 1.01452 1.01493 1.01527 1.01553 1.01573 1.01587 1.01601 1.0163 1.01683 1.0175 1.01766 1.0186 1.02165 1.02245 1.02177 1.02248 1.0246 1.0261 1.02792 1.02925 1.03644 1.06434 1.18803 1.23359 1.52348 1.41134 1.03322 1.18718 1.33639 1.04034 1.17474 1.00297 1.01374 1.00054 1.00003 1 1 1 1 1 1 1 1 1 1 1 1 1 1 1 1.00252 1.20513 
5.11345 1.19972 1.00252 1 1 1 1 1 1 1 1 1 1.00006 1.00071 1.00005 1.0505 1.13972 1.30897 1.10893 1.0589 1.06979 1.05537 1.04229 1.03933 1.03603 1.03328 1.03106 1.02891 1.02694 1.02526 1.02378 1.02248 1.02138 1.02049 1.01982 1.0194 1.01913 1.01892 1.01889 1.01899 1.01919 1.01948 1.01974 1.01989 1.01975 1.01935 1.01879 1.01816 1.0175 1.01688 1.01633 1.01589 1.01558 1.01539 1.01534 1.01541 1.01561 1.01592 1.01631 1.01675 1.01719 1.01758 1.01791 1.01814 1.01836 1.01872 1.01911 1.0195 1.01956 1.0207 1.02487 1.02531 1.02326 1.02328 1.02549 1.02677 1.03178 1.0446 1.05345 1.09927 1.18114 1.37121 1.37798 1.0295 1.03932 1.32013 1.39597 1.0246 1.19531 1.00194 1.01842 1.00043 1.00008 1.00001 1 1 1 1 1 1 1 1 1 1 1 1 1 1 1 1.00252 1.20513 
5.11345 1.19972 1.00252 1 1 1 1 1 1 1 1 1.00001 1.0001 1.00117 1.00014 1.05495 1.00906 1.46769 1.23106 1.05229 1.06479 1.06525 1.04566 1.04108 1.03827 1.03532 1.03302 1.03099 1.02902 1.02732 1.02588 1.02465 1.02361 1.02273 1.02203 1.0216 1.02143 1.02138 1.0212 1.02119 1.02136 1.02157 1.02183 1.02203 1.02198 1.02168 1.02112 1.02043 1.01976 1.01916 1.01862 1.01821 1.01791 1.01774 1.01771 1.01781 1.01803 1.01835 1.01874 1.0192 1.01969 1.02012 1.02059 1.02101 1.02146 1.02182 1.02214 1.02182 1.02353 1.03024 1.03081 1.02753 1.02739 1.0309 1.03382 1.03789 1.05315 1.06256 1.08515 1.23326 1.31922 1.18718 1.01267 1.38766 1.18737 1.02445 1.0485 1.1659 1.00294 1.01485 1.00069 1.00018 1.00001 1 1 1 1 1 1 1 1 1 1 1 1 1 1 1 1 1.00252 1.20513 
5.11345 1.19972 1.00252 1 1 1 1 1 1 1 1 1 1.00002 1.00025 1.00053 1.02661 1.01764 1.41149 1.32426 1.15598 1.06676 1.06325 1.05924 1.04505 1.04035 1.03778 1.03525 1.03318 1.03132 1.02955 1.02807 1.02688 1.02591 1.02512 1.02449 1.02403 1.0238 1.02386 1.02399 1.02369 1.02371 1.02395 1.02421 1.02433 1.02432 1.02412 1.02366 1.02305 1.02241 1.02188 1.02139 1.02093 1.02052 1.02033 1.02033 1.02045 1.02068 1.02112 1.0218 1.02242 1.02293 1.02334 1.02375 1.02402 1.02451 1.02422 1.02397 1.02622 1.03562 1.03569 1.03003 1.02858 1.03262 1.03555 1.04025 1.04534 1.05036 1.05548 1.14559 1.32238 1.28276 1.08529 1.2415 1.01517 1.01215 1.20336 1.13585 1.00415 1.01159 1.00132 1.00017 1.00001 1 1 1 1 1 1 1 1 1 1 1 1 1 1 1 1 1 1.00252 1.20513 
5.11345 1.19972 1.00252 1 1 1 1 1 1 1 1 1 1 1.00007 1.00082 1.00056 1.04796 1.01391 1.39608 1.31503 1.147 1.06362 1.05921 1.05108 1.04252 1.04012 1.03768 1.03549 1.03366 1.032 1.03047 1.02919 1.0282 1.02753 1.0271 1.02679 1.02652 1.02668 1.02695 1.02763 1.02773 1.02691 1.02668 1.027 1.02693 1.02663 1.0262 1.02579 1.02532 1.02474 1.02424 1.02381 1.02355 1.0234 1.02342 1.02361 1.02397 1.02454 1.0251 1.02563 1.02598 1.02655 1.02707 1.02721 1.02637 1.0295 1.03802 1.04496 1.03949 1.03072 1.02623 1.02919 1.02966 1.03159 1.0317 1.04285 1.08032 1.19531 1.3414 1.64084 1.01125 1.21409 1.00803 1.28715 1.09555 1.00829 1.00548 1.00858 1.00186 1.00014 1.00001 1 1 1 1 1 1 1 1 1 1 1 1 1 1 1 1 1 1 1.00252 1.20513 
5.11345 1.19972 1.00252 1 1 1 1 1 1 1 1 1 1 1.00001 1.00017 1.0019 1.00016 1.10553 1.01198 1.4031 1.32231 1.20809 1.10438 1.06639 1.04486 1.04184 1.04036 1.03816 1.0362 1.03453 1.03309 1.03181 1.03075 1.03001 1.02957 1.02936 1.0298 1.02997 1.03043 1.03241 1.03383 1.03317 1.0299 1.02924 1.02948 1.02948 1.02966 1.02902 1.02814 1.02745 1.02687 1.0266 1.02664 1.02683 1.02688 1.02713 1.02757 1.02789 1.02784 1.02823 1.02915 1.02946 1.02972 1.02918 1.03301 1.05462 1.05582 1.04884 1.03497 1.02855 1.03226 1.03244 1.03399 1.03454 1.04566 1.14679 1.23519 1.47356 1.65991 1.03606 1.34091 1.02623 1.19062 1.00812 1.00417 1.01859 1.00505 1.00122 1.0001 1.00001 1 1 1 1 1 1 1 1 1 1 1 1 1 1 1 1 1 1 1 1.00252 1.20513 
5.11345 1.19972 1.00252 1 1 1 1 1 1 1 1 1 1 1 1.00003 1.00042 1.00349 1.00052 1.13323 1.02437 1.54627 1.47091 1.2457 1.22921 1.10075 1.05361 1.0411 1.04033 1.03864 1.03753 1.03601 1.03479 1.03374 1.0329 1.03222 1.03198 1.03222 1.03269 1.03423 1.03625 1.03981 1.04564 1.04725 1.05018 1.04968 1.03864 1.0336 1.03325 1.03202 1.0316 1.03099 1.03045 1.03032 1.03053 1.03064 1.03056 1.03081 1.0318 1.03171 1.03229 1.03177 1.0383 1.05846 1.06459 1.07356 1.06424 1.04036 1.02892 1.03219 1.03393 1.03403 1.03432 1.04543 1.08436 1.20909 1.30792 1.32592 1.01753 1.12604 1.46693 1.01488 1.04151 1.00351 1.05908 1.00773 1.00075 1.00054 1.00007 1.00001 1 1 1 1 1 1 1 1 1 1 1 1 1 1 1 1 1 1 1 1 1.00252 1.20513 
5.11345 1.19972 1.00252 1 1 1 1 1 1 1 1 1 1 1 1 1 1.00003 1.00137 1.00064 1.05603 1.07071 1.02652 1.39395 1.50412 1.25386 1.20973 1.12089 1.0903 1.05042 1.03892 1.03828 1.03676 1.03573 1.03496 1.03439 1.03399 1.03366 1.0339 1.03561 1.03639 1.04601 1.07964 1.11532 1.12736 1.11962 1.12436 1.10398 1.08335 1.04954 1.03929 1.03866 1.03736 1.03652 1.03553 1.0352 1.03461 1.03479 1.03404 1.04245 1.07236 1.08459 1.11287 1.10648 1.11716 1.08562 1.04786 1.03093 1.03738 1.03547 1.04532 1.08575 1.11413 1.20391 1.23163 1.49986 1.54428 1.02911 1.36085 1.24315 1.05353 1.06663 1.0001 1.02534 1.00006 1.00087 1.0002 1.00003 1.00001 1 1 1 1 1 1 1 1 1 1 1 1 1 1 1 1 1 1 1 1 1 1.00252 1.20513 
5.11345 1.19972 1.00252 1 1 1 1 1 1 1 1 1 1 1 1 1 1.00001 1.00032 1.00247 1.00054 1.06345 1.11672 1.04639 1.02456 1.39285 1.54509 1.43872 1.2397 1.21294 1.11832 1.11786 1.11603 1.11498 1.10987 1.10059 1.095 1.09239 1.08932 1.08623 1.08226 1.11393 1.1107 1.14861 1.13379 1.15825 1.23451 1.25529 1.18876 1.19102 1.12485 1.12576 1.12295 1.1208 1.11805 1.11629 1.11612 1.11476 1.11111 1.17947 1.1964 1.19834 1.14852 1.06421 1.0215 1.04181 1.07843 1.11696 1.11045 1.11302 1.20706 1.23337 1.43935 1.51478 1.29673 1.01975 1.08291 1.17633 1.00981 1.02247 1.13321 1.00307 1.00093 1.00024 1.00086 1.00005 1.00002 1 1 1 1 1 1 1 1 1 1 1 1 1 1 1 1 1 1 1 1 1 1 1 1.00252 1.20513 
5.11345 1.19972 1.00252 1 1 1 1 1 1 1 1 1 1 1 1 1 1 1.00002 1.00021 1.00159 1.00089 1.00288 1.05465 1.21733 1.0102 1.02916 1.01387 1.33817 1.52068 1.45056 1.45165 1.45191 1.44879 1.37684 1.35893 1.30717 1.2943 1.29676 1.21292 1.20272 1.14727 1.06145 1.02402 1.04073 1.05554 1.06696 1.04223 1.15983 1.38014 1.41511 1.45869 1.45697 1.45487 1.45381 1.45107 1.45235 1.44915 1.4493 1.52569 1.18112 1.09752 1.09329 1.10616 1.13491 1.22578 1.24341 1.44484 1.44571 1.44573 1.48977 1.27245 1.00527 1.01432 1.02293 1.2831 1.21526 1.00732 1.15414 1.05199 1.00253 1.00267 1.00007 1.00033 1.00007 1 1 1 1 1 1 1 1 1 1 1 1 1 1 1 1 1 1 1 1 1 1 1 1 1 1.00252 1.20513 
5.11345 1.19972 1.00252 1 1 1 1 1 1 1 1 1 1 1 1 1 1 1 1.00001 1.00014 1.00076 1.00592 1.00019 1.00567 1.11959 1.17712 1.17864 1.01313 1.01083 1.01101 1.01077 1.00866 1.00804 1.03347 1.09101 1.12413 1.14741 1.10022 1.09919 1.06172 1.09745 1.11147 1.13524 1.21834 1.20103 1.34087 1.2887 1.15985 1.08661 1.00315 1.0055 1.00477 1.00468 1.00415 1.00439 1.00423 1.00476 1.00457 1.02615 1.0753 1.4029 1.42096 1.4361 1.50303 1.50079 1.21058 1.0006 1.00404 1.00663 1.00959 1.02644 1.18514 1.19737 1.12707 1.0081 1.02489 1.08021 1.00221 1.00079 1.00424 1.00027 1 1.00003 1.00001 1 1 1 1 1 1 1 1 1 1 1 1 1 1 1 1 1 1 1 1 1 1 1 1 1 1.00252 1.20513 
5.11345 1.19972 1.00252 1 1 1 1 1 1 1 1 1 1 1 1 1 1 1 1 1.00001 1.00007 1.00072 1.00156 1.02088 1.00124 1.00738 1.01004 1.12146 1.20046 1.15859 1.16348 1.16624 1.16956 1.16867 1.16982 1.1783 1.1676 1.25706 1.39829 1.3436 1.40591 1.42883 1.49169 1.43796 1.08065 1.0157 1.00736 1.04795 1.13679 1.18609 1.17633 1.17597 1.17563 1.17569 1.1753 1.17574 1.17471 1.17848 1.30316 1.09379 1.00664 1.02415 1.04186 1.00544 1.01636 1.0587 1.1716 1.16202 1.16432 1.17302 1.10648 1.00843 1.00673 1.01262 1.11537 1.0585 1.00048 1.01107 1.00069 1.00048 1.00002 1 1 1 1 1 1 1 1 1 1 1 1 1 1 1 1 1 1 1 1 1 1 1 1 1 1 1 1 1.00252 1.20513 
5.11345 1.19972 1.00252 1 1 1 1 1 1 1 1 1 1 1 1 1 1 1 1 1 1 1.00004 1.00014 1.00057 1.00856 1.01975 1.05567 1.00405 1.00495 1.00526 1.006 1.0054 1.00543 1.00135 1.00462 1.00265 1.00248 1.02676 1.01336 1.00418 1.01351 1.0296 1.00554 1.0293 1.15028 1.17961 1.17302 1.07332 1.0172 1.0071 1.00507 1.00463 1.0045 1.00402 1.00424 1.0041 1.00454 1.00454 1.02268 1.03256 1.18736 1.2045 1.17794 1.14507 1.11992 1.05346 1.00238 1.0031 1.00376 1.00666 1.01565 1.09732 1.07198 1.04112 1.00119 1.00215 1.00359 1.00164 1.00006 1.00003 1 1 1 1 1 1 1 1 1 1 1 1 1 1 1 1 1 1 1 1 1 1 1 1 1 1 1 1 1 1.00252 1.20513 
5.11345 1.19972 1.00252 1 1 1 1 1 1 1 1 1 1 1 1 1 1 1 1 1 1 1 1.00001 1.0002 1.00107 1.00096 1.0041 1.01653 1.03859 1.05463 1.06597 1.07651 1.08752 1.08794 1.08769 1.08508 1.08115 1.11673 1.1327 1.12784 1.13417 1.11941 1.08961 1.04953 1.00602 1.00895 1.00491 1.03942 1.11275 1.15725 1.15336 1.15507 1.15621 1.15676 1.15671 1.15676 1.1552 1.15737 1.23811 1.08145 1.00449 1.0157 1.02261 1.00209 1.00904 1.03256 1.08621 1.07838 1.07533 1.05955 1.03282 1.00125 1.00053 1.00059 1.00535 1.00098 1.00036 1.00009 1 1 1 1 1 1 1 1 1 1 1 1 1 1 1 1 1 1 1 1 1 1 1 1 1 1 1 1 1 1 1 1.00252 1.20513 
5.11345 1.19972 1.00252 1 1 1 1 1 1 1 1 1 1 1 1 1 1 1 1 1 1 1 1 1.00002 1.00006 1.00017 1.00095 1.00071 1.00002 1.00113 1.00093 1.00082 1.00088 1.00024 1.00074 1.00046 1.00044 1.00499 1.00306 1.00101 1.00317 1.00561 1.00094 1.0054 1.05019 1.07422 1.08572 1.03859 1.01009 1.0032 1.00232 1.00218 1.00217 1.00193 1.00206 1.00197 1.00218 1.00212 1.01131 1.02022 1.08908 1.09373 1.07152 1.04242 1.02723 1.01222 1.00041 1.00052 1.00064 1.00036 1.00075 1.00717 1.00218 1.00128 1.00063 1.00009 1.00002 1.00001 1 1 1 1 1 1 1 1 1 1 1 1 1 1 1 1 1 1 1 1 1 1 1 1 1 1 1 1 1 1 1 1.00252 1.20513 
5.11345 1.19972 1.00252 1 1 1 1 1 1 1 1 1 1 1 1 1 1 1 1 1 1 1 1 1 1 1.00001 1.00008 1.00019 1.00053 1.00135 1.00232 1.00374 1.00584 1.00596 1.00665 1.00575 1.00507 1.01398 1.01778 1.02948 1.01803 1.01441 1.00637 1.00322 1.00041 1.00125 1.00077 1.00721 1.029 1.05236 1.05589 1.06002 1.06262 1.0645 1.06487 1.06408 1.06225 1.06076 1.05856 1.02282 1.00066 1.00208 1.00321 1.00148 1.00028 1.00185 1.00549 1.00433 1.00384 1.00169 1.00103 1.00086 1.00021 1.00011 1.00004 1.00001 1 1 1 1 1 1 1 1 1 1 1 1 1 1 1 1 1 1 1 1 1 1 1 1 1 1 1 1 1 1 1 1 1 1.00252 1.20513 
5.11345 1.19972 1.00252 1 1 1 1 1 1 1 1 1 1 1 1 1 1 1 1 1 1 1 1 1 1 1 1.00001 1.00001 1.00004 1.00012 1.00022 1.00038 1.00066 1.00066 1.00076 1.00064 1.00055 1.00216 1.00301 1.00594 1.00308 1.00229 1.00074 1.00045 1.00155 1.00256 1.00525 1.00259 1.00044 1.00085 1.00062 1.00051 1.00049 1.00045 1.00047 1.00045 1.00055 1.00053 1.0004 1.00117 1.00472 1.00396 1.00251 1.00078 1.0005 1.0005 1.0006 1.00045 1.00039 1.00016 1.00008 1.00005 1.00001 1.00001 1 1 1 1 1 1 1 1 1 1 1 1 1 1 1 1 1 1 1 1 1 1 1 1 1 1 1 1 1 1 1 1 1 1 1 1.00252 1.20513 
5.11345 1.19972 1.00252 1 1 1 1 1 1 1 1 1 1 1 1 1 1 1 1 1 1 1 1 1 1 1 1 1 1 1.00001 1.00001 1.00002 1.00004 1.00004 1.00005 1.00004 1.00003 1.00012 1.00016 1.00028 1.00016 1.00012 1.00005 1.00003 1.00014 1.00025 1.00058 1.00036 1.00068 1.00122 1.00164 1.00199 1.0023 1.00246 1.00255 1.00243 1.00224 1.00206 1.00098 1.00078 1.00051 1.00042 1.00025 1.00007 1.00004 1.00004 1.00004 1.00003 1.00003 1.00001 1.00001 1 1 1 1 1 1 1 1 1 1 1 1 1 1 1 1 1 1 1 1 1 1 1 1 1 1 1 1 1 1 1 1 1 1 1 1 1 1 1.00252 1.20513 
5.11345 1.19972 1.00252 1 1 1 1 1 1 1 1 1 1 1 1 1 1 1 1 1 1 1 1 1 1 1 1 1 1 1 1 1 1 1 1 1 1 1.00001 1.00001 1.00002 1.00001 1.00001 1 1 1.00001 1.00002 1.00004 1.00002 1.00005 1.00011 1.00015 1.00018 1.00022 1.00023 1.00024 1.00023 1.00021 1.00019 1.00009 1.00006 1.00003 1.00003 1.00002 1 1 1 1 1 1 1 1 1 1 1 1 1 1 1 1 1 1 1 1 1 1 1 1 1 1 1 1 1 1 1 1 1 1 1 1 1 1 1 1 1 1 1 1 1 1 1.00252 1.20513 
5.11345 1.19972 1.00252 1 1 1 1 1 1 1 1 1 1 1 1 1 1 1 1 1 1 1 1 1 1 1 1 1 1 1 1 1 1 1 1 1 1 1 1 1 1 1 1 1 1 1 1 1 1 1.00001 1.00001 1.00001 1.00001 1.00002 1.00002 1.00002 1.00001 1.00001 1.00001 1 1 1 1 1 1 1 1 1 1 1 1 1 1 1 1 1 1 1 1 1 1 1 1 1 1 1 1 1 1 1 1 1 1 1 1 1 1 1 1 1 1 1 1 1 1 1 1 1 1 1.00252 1.20513 
5.11345 1.19972 1.00252 1 1 1 1 1 1 1 1 1 1 1 1 1 1 1 1 1 1 1 1 1 1 1 1 1 1 1 1 1 1 1 1 1 1 1 1 1 1 1 1 1 1 1 1 1 1 1 1 1 1 1 1 1 1 1 1 1 1 1 1 1 1 1 1 1 1 1 1 1 1 1 1 1 1 1 1 1 1 1 1 1 1 1 1 1 1 1 1 1 1 1 1 1 1 1 1 1 1 1 1 1 1 1 1 1 1 1.00252 1.20513 
5.11345 1.19972 1.00252 1 1 1 1 1 1 1 1 1 1 1 1 1 1 1 1 1 1 1 1 1 1 1 1 1 1 1 1 1 1 1 1 1 1 1 1 1 1 1 1 1 1 1 1 1 1 1 1 1 1 1 1 1 1 1 1 1 1 1 1 1 1 1 1 1 1 1 1 1 1 1 1 1 1 1 1 1 1 1 1 1 1 1 1 1 1 1 1 1 1 1 1 1 1 1 1 1 1 1 1 1 1 1 1 1 1 1.00252 1.20513 
5.11345 1.19972 1.00252 1 1 1 1 1 1 1 1 1 1 1 1 1 1 1 1 1 1 1 1 1 1 1 1 1 1 1 1 1 1 1 1 1 1 1 1 1 1 1 1 1 1 1 1 1 1 1 1 1 1 1 1 1 1 1 1 1 1 1 1 1 1 1 1 1 1 1 1 1 1 1 1 1 1 1 1 1 1 1 1 1 1 1 1 1 1 1 1 1 1 1 1 1 1 1 1 1 1 1 1 1 1 1 1 1 1 1.00252 1.20513 
5.11345 1.19972 1.00252 1 1 1 1 1 1 1 1 1 1 1 1 1 1 1 1 1 1 1 1 1 1 1 1 1 1 1 1 1 1 1 1 1 1 1 1 1 1 1 1 1 1 1 1 1 1 1 1 1 1 1 1 1 1 1 1 1 1 1 1 1 1 1 1 1 1 1 1 1 1 1 1 1 1 1 1 1 1 1 1 1 1 1 1 1 1 1 1 1 1 1 1 1 1 1 1 1 1 1 1 1 1 1 1 1 1 1.00252 1.20513 
5.11345 1.19972 1.00252 1 1 1 1 1 1 1 1 1 1 1 1 1 1 1 1 1 1 1 1 1 1 1 1 1 1 1 1 1 1 1 1 1 1 1 1 1 1 1 1 1 1 1 1 1 1 1 1 1 1 1 1 1 1 1 1 1 1 1 1 1 1 1 1 1 1 1 1 1 1 1 1 1 1 1 1 1 1 1 1 1 1 1 1 1 1 1 1 1 1 1 1 1 1 1 1 1 1 1 1 1 1 1 1 1 1 1.00252 1.20513 
5.11345 1.19972 1.00252 1 1 1 1 1 1 1 1 1 1 1 1 1 1 1 1 1 1 1 1 1 1 1 1 1 1 1 1 1 1 1 1 1 1 1 1 1 1 1 1 1 1 1 1 1 1 1 1 1 1 1 1 1 1 1 1 1 1 1 1 1 1 1 1 1 1 1 1 1 1 1 1 1 1 1 1 1 1 1 1 1 1 1 1 1 1 1 1 1 1 1 1 1 1 1 1 1 1 1 1 1 1 1 1 1 1 1.00252 1.20513 
5.11345 1.19972 1.00252 1 1 1 1 1 1 1 1 1 1 1 1 1 1 1 1 1 1 1 1 1 1 1 1 1 1 1 1 1 1 1 1 1 1 1 1 1 1 1 1 1 1 1 1 1 1 1 1 1 1 1 1 1 1 1 1 1 1 1 1 1 1 1 1 1 1 1 1 1 1 1 1 1 1 1 1 1 1 1 1 1 1 1 1 1 1 1 1 1 1 1 1 1 1 1 1 1 1 1 1 1 1 1 1 1 1 1.00252 1.20513 
5.11345 1.27369 1.00598 1.00252 1.00252 1.00252 1.00252 1.00252 1.00252 1.00252 1.00252 1.00252 1.00252 1.00252 1.00252 1.00252 1.00252 1.00252 1.00252 1.00252 1.00252 1.00252 1.00252 1.00252 1.00252 1.00252 1.00252 1.00252 1.00252 1.00252 1.00252 1.00252 1.00252 1.00252 1.00252 1.00252 1.00252 1.00252 1.00252 1.00252 1.00252 1.00252 1.00252 1.00252 1.00252 1.00252 1.00252 1.00252 1.00252 1.00252 1.00252 1.00252 1.00252 1.00252 1.00252 1.00252 1.00252 1.00252 1.00252 1.00252 1.00252 1.00252 1.00252 1.00252 1.00252 1.00252 1.00252 1.00252 1.00252 1.00252 1.00252 1.00252 1.00252 1.00252 1.00252 1.00252 1.00252 1.00252 1.00252 1.00252 1.00252 1.00252 1.00252 1.00252 1.00252 1.00252 1.00252 1.00252 1.00252 1.00252 1.00252 1.00252 1.00252 1.00252 1.00252 1.00252 1.00252 1.00252 1.00252 1.00252 1.00252 1.00252 1.00252 1.00252 1.00252 1.00252 1.00252 1.00252 1.00252 1.00598 1.27725 
10.3569 2.0236 1.27725 1.20513 1.20513 1.20513 1.20513 1.20513 1.20513 1.20513 1.20513 1.20513 1.20513 1.20513 1.20513 1.20513 1.20513 1.20513 1.20513 1.20513 1.20513 1.20513 1.20513 1.20513 1.20513 1.20513 1.20513 1.20513 1.20513 1.20513 1.20513 1.20513 1.20513 1.20513 1.20513 1.20513 1.20513 1.20513 1.20513 1.20513 1.20513 1.20513 1.20513 1.20513 1.20513 1.20513 1.20513 1.20513 1.20513 1.20513 1.20513 1.20513 1.20513 1.20513 1.20513 1.20513 1.20513 1.20513 1.20513 1.20513 1.20513 1.20513 1.20513 1.20513 1.20513 1.20513 1.20513 1.20513 1.20513 1.20513 1.20513 1.20513 1.20513 1.20513 1.20513 1.20513 1.20513 1.20513 1.20513 1.20513 1.20513 1.20513 1.20513 1.20513 1.20513 1.20513 1.20513 1.20513 1.20513 1.20513 1.20513 1.20513 1.20513 1.20513 1.20513 1.20513 1.20513 1.20513 1.20513 1.20513 1.20513 1.20513 1.20513 1.20513 1.20513 1.20513 1.20513 1.20513 1.20513 1.27725 2.03797 
