#No recentering correction has been made! Must use full expression for cumulants!
#i	j	<z^i zbar^j>_eps	<z^i zbar^j>_U	<z^i zbar^j>_Ubar	<z^i zbar^j>_C	<z^i zbar^j>_T	<z^i zbar^j>_s
0	0	(4970.59,0)	(-3.33614e-10,4.23582e-10)	(-3.33614e-10,-4.23582e-10)	(-6.13548e-09,1.53059e-09)	(-3.04969e-05,-7.60791e-06)	(-0.5,0)	(4297.64,0)
0	1	(0.136745,0.245667)	(-1.42861,-1.09994e-08)	(2.27614e-10,1.62127e-08)	(1.72393e-09,-4.0704e-09)	(-4.31142e-05,-4.40849e-05)	(-0.0683725,-0.122834)	(0.0937385,0.260841)
0	2	(2.09657,0.208326)	(-0.390709,-0.701923)	(1.20995e-07,1.30263e-09)	(-1.02046,1.17284e-08)	(0.000185669,5.96841e-05)	(-1.04828,-0.104163)	(1.81402,0.0515887)
0	3	(4.09596,-7.75854)	(-8.9855,-0.892846)	(-4.39801e-07,5.64323e-07)	(-0.418627,-0.752079)	(5.56744e-05,0.000503286)	(-2.04798,3.87927)	(4.99209,-10.3495)
0	4	(22.369,87.252)	(-23.4061,44.3356)	(-5.91414e-07,4.53409e-06)	(-12.8367,-1.27552)	(0.00145413,0.00965157)	(-11.1845,-43.626)	(24.242,97.777)
0	5	(-13.2714,-2.03927)	(-159.783,-623.244)	(2.32372e-05,1.60194e-05)	(-41.7976,79.1726)	(0.0476452,-0.0156325)	(6.63569,1.01964)	(-26.3695,28.6576)
1	0	(0.136745,-0.245667)	(2.27614e-10,-1.62127e-08)	(-1.42861,1.09994e-08)	(-8.67387e-09,8.86915e-09)	(8.56896e-06,2.02323e-05)	(-0.0683725,0.122834)	(0.0937385,-0.260841)
1	1	(18.9486,0)	(-0.195355,0.350962)	(-0.195355,-0.350962)	(-1.5656e-08,-1.05381e-09)	(-7.78194e-05,5.23805e-06)	(-9.4743,0)	(19.9332,0)
1	2	(2.04603,9.40851)	(-51.2245,4.27693e-08)	(-2.99517,-0.297615)	(-0.139542,0.250693)	(-0.000380179,-0.00119052)	(-1.02302,-4.70426)	(0.743545,10.9383)
1	3	(74.4294,5.49627)	(-7.57281,-38.1743)	(-5.85152,11.0839)	(-53.8434,1.07466e-06)	(-0.0611226,0.00779162)	(-37.2147,-2.74813)	(59.3986,-0.3979)
1	4	(275.95,-528.588)	(-388.644,-27.7636)	(-31.9567,-124.649)	(-10.249,-53.5128)	(-0.124246,-0.0540484)	(-137.975,264.294)	(343.615,-697.042)
1	5	(1400.14,5632.77)	(-1851.69,3549.51)	(18.9585,2.91395)	(-672.192,-47.4096)	(-1.26809,0.531721)	(-700.072,-2816.38)	(1502.11,6498.72)
2	0	(2.09657,-0.208326)	(1.20995e-07,-1.30263e-09)	(-0.390709,0.701923)	(3.73536e-08,-1.20075e-08)	(-5072.27,-5.82969e-05)	(-1.04828,0.104163)	(1.81402,-0.0515887)
2	1	(2.04603,-9.40851)	(-2.99517,0.297615)	(-51.2245,-4.27693e-08)	(-7.64857e-08,2.39514e-07)	(-693.607,-1246.09)	(-1.02302,4.70426)	(0.743545,-10.9383)
2	2	(656.315,0)	(-5.04853,25.4496)	(-5.04853,-25.4496)	(-2.13946,0.212587)	(-10634.3,-1056.68)	(-328.158,0)	(723.512,0)
2	3	(-5.63553,523.922)	(-2505.16,1.926e-05)	(-194.322,-13.8818)	(-5.12448,26.7564)	(-20775.9,39353.4)	(2.81777,-261.961)	(-71.8221,650.956)
2	4	(3049.88,181.593)	(90.771,-2688.12)	(-740.677,1419.8)	(-3433.79,0.000100796)	(-113466,-442565)	(-1524.94,-90.7965)	(2005.87,-93.9742)
2	5	(21611.7,-41378.2)	(-17944.2,-1026.21)	(-3674.5,-14822)	(195.986,-4620.04)	(67290.8,10338.3)	(-10805.9,20689.1)	(27633.7,-54609.9)
3	0	(4.09596,7.75854)	(-4.39801e-07,-5.64323e-07)	(-8.9855,0.892846)	(1.12008e-08,-1.01253e-07)	(-2080.82,3738.27)	(-2.04798,-3.87927)	(4.99209,10.3495)
3	1	(74.4294,-5.49627)	(-5.85152,-11.0839)	(-7.57281,38.1743)	(-1.22969e-05,-1.56755e-06)	(-267633,-0.00534171)	(-37.2147,2.74813)	(59.3986,0.3979)
3	2	(-5.63553,-523.922)	(-194.322,13.8818)	(-2505.16,-1.926e-05)	(-4.17976,-7.91726)	(-25471.7,-132995)	(2.81777,261.961)	(-71.8221,-650.956)
3	3	(32142.4,0)	(68.0795,2016.09)	(68.0795,-2016.09)	(-201.657,14.2228)	(-1.00236e+06,-70695.7)	(-16071.2,0)	(37192.4,0)
3	4	(-6083.26,37459.7)	(-154242,0.00201608)	(-10766.5,-615.723)	(117.596,2772.03)	(-3.85986e+06,7.40091e+06)	(3041.63,-18729.8)	(-10705.7,48945.7)
3	5	(123416,6469.38)	(41773,-227974)	(-81530,156069)	(-258286,0.00201359)	(-1.89891e+07,-7.66804e+07)	(-61707.8,-3234.69)	(35850.9,-8937.42)
4	0	(22.369,-87.252)	(-5.91414e-07,-4.53409e-06)	(-23.4061,-44.3356)	(2.92546e-07,-1.94174e-06)	(-63806.2,6340.11)	(-11.1845,43.626)	(24.242,-97.777)
4	1	(275.95,528.588)	(-31.9567,124.649)	(-388.644,27.7636)	(-2.49962e-05,1.08736e-05)	(-50943.5,265990)	(-137.975,-264.294)	(343.615,697.042)
4	2	(3049.88,-181.593)	(-740.677,-1419.8)	(90.771,2688.12)	(-22.8275,89.0368)	(-1.70679e+07,-0.501015)	(-1524.94,90.7965)	(2005.87,93.9742)
4	3	(-6083.26,-37459.7)	(-10766.5,615.723)	(-154242,-0.00201608)	(-776.541,-1488.94)	(584520,-1.37786e+07)	(3041.63,18729.8)	(-10705.7,-48945.7)
4	4	(2.00285e+06,0)	(33418.9,182380)	(33418.9,-182380)	(-14301.4,803.975)	(-7.10863e+07,-3.99623e+06)	(-1.00143e+06,0)	(2.44152e+06,0)
4	5	(-824588,3.19264e+06)	(-1.13544e+07,0.130753)	(-500938,-25482.6)	(58810.7,307195)	(-5.52975e+08,1.05845e+09)	(412294,-1.59632e+06)	(-1.22987e+06,4.35228e+06)
5	0	(-13.2714,2.03927)	(2.32372e-05,-1.60194e-05)	(-159.783,623.244)	(9.58543e-06,3.145e-06)	(-207759,-393534)	(6.63569,-1.01964)	(-26.3695,-28.6576)
5	1	(1400.14,-5632.77)	(18.9585,-2.91395)	(-1851.69,-3549.51)	(-0.000255119,-0.000106973)	(-3.34119e+06,235653)	(-700.072,2816.38)	(1502.11,-6498.72)
5	2	(21611.7,41378.2)	(-3674.5,14822)	(-17944.2,1026.21)	(13.5378,-2.0799)	(974164,2.29643e+07)	(-10805.9,-20689.1)	(27633.7,54609.9)
5	3	(123416,-6469.38)	(-81530,-156069)	(41773,227974)	(-3820.28,15426.8)	(-1.28383e+09,-10.0087)	(-61707.8,3234.69)	(35850.9,8937.42)
5	4	(-824588,-3.19264e+06)	(-500938,25482.6)	(-1.13544e+07,-0.130753)	(-111249,-212942)	(2.92323e+08,-1.52694e+09)	(412294,1.59632e+06)	(-1.22987e+06,-4.35228e+06)
5	5	(1.49604e+08,0)	(5.05011e+06,1.84167e+07)	(5.05011e+06,-1.84167e+07)	(-777479,38981.8)	(-3.86453e+09,-1.93762e+08)	(-7.48021e+07,0)	(1.92699e+08,0)
